(-6.201845000000503, 35.98166300000008)(-4.018065000000661, 35.981663000000054)(-4.018065000000206, 31.722537000000102)(-6.2018450000000485, 31.72253699999993)(-6.201845000000503, 35.98166300000008)
(-8.053056477772316, 72.67264911857893)(-5.209206676723625, 72.70851836514609)(-5.107637522228288, 64.65573088142096)(-7.9514873232774335, 64.61986163485426)(-8.053056477772316, 72.67264911857893)
(-5.058333286555353, 12.679290995090412)(-3.1725049656856754, 12.73300032254582)(-3.0512267134449758, 8.474709004909698)(-4.937055034314653, 8.420999677453835)(-5.058333286555353, 12.679290995090412)
(-23.954160723407767, 35.89940609571218)(-25.374293943523753, 36.91847865886271)(-22.72601927659298, 40.60899390428759)(-21.305886056476538, 39.589921341137085)(-23.954160723407767, 35.89940609571218)
(-18.053414426712152, 46.08916997382343)(-19.96247617153267, 46.16873347941467)(-19.74948557328844, 51.279270026176874)(-17.84042382846792, 51.19970652058515)(-18.053414426712152, 46.08916997382343)
(-1.4364807400002064, 50.87410800000018)(1.5359062599995923, 50.874108000000206)(1.5359062599995923, 41.848392000000246)(-1.4364807399997517, 41.84839200000002)(-1.4364807400002064, 50.87410800000018)
(-1.230674600000384, 31.140251500000062)(0.8997733999995035, 31.140251500000147)(0.8997733999995035, 26.87288849999993)(-1.2306746000008388, 26.872888500000073)(-1.230674600000384, 31.140251500000062)
(-22.41788888809333, 16.701459187066348)(-21.059494933898804, 17.730656719964315)(-18.476931111907106, 14.322040812933523)(-19.835325066102087, 13.292843280035328)(-22.41788888809333, 16.701459187066348)
(-44.85968708573273, 21.398537134602606)(-44.416184276271, 24.742962935486105)(-26.96691291426805, 22.429022865397798)(-27.41041572372933, 19.084597064513815)(-44.85968708573273, 21.398537134602606)
(-17.935362963387433, 76.39967374774915)(-19.86107575996175, 76.45703776608204)(-19.734857036612993, 80.69420625225058)(-17.809144240038677, 80.63684223391769)(-17.935362963387433, 76.39967374774915)
(-8.971715499999846, 6.973863499999879)(-7.186182500000086, 6.97386350000005)(-7.186182500000541, 2.318266500000078)(-8.9717155000003, 2.318266499999737)(-8.971715499999846, 6.973863499999879)
(-29.02052548866959, 28.006441733292746)(-30.282232061744708, 29.36338741435017)(-26.54437451133117, 32.83889826670722)(-25.282667938256054, 31.48195258565005)(-29.02052548866959, 28.006441733292746)
(-5.171503500000199, 50.61527149999998)(-3.419070500000089, 50.61527149999975)(-3.4190705000005437, 46.35512850000018)(-5.171503500000199, 46.35512850000015)(-5.171503500000199, 50.61527149999998)
(-33.852196000000276, 55.207276499999836)(-31.075964000000113, 55.20727649999998)(-31.075964000000567, 43.179443500000104)(-33.852196000000276, 43.17944350000002)(-33.852196000000276, 55.207276499999836)
(-8.761221000000205, 28.178948999999875)(-6.976655000000392, 28.178948999999903)(-6.976655000000392, 23.89555100000004)(-8.761221000000205, 23.895550999999955)(-8.761221000000205, 28.178948999999875)
(-32.20430018848947, 5.723563460562758)(-32.05671743654284, 3.842961601608181)(-36.99246478909845, 3.455577673414524)(-37.14004754104508, 5.336179532368618)(-32.20430018848947, 5.723563460562758)
(-38.34021016178076, 5.589359238212438)(-38.198624172752716, 3.71434112761267)(-42.298027329033175, 3.404749560259944)(-42.439613318061674, 5.2797676708601955)(-38.34021016178076, 5.589359238212438)
(-31.636799131781117, 2.895093411835518)(-31.499904214639173, 1.0822031429157448)(-35.68785017369055, 0.7659239995225562)(-35.82474509083295, 2.5788142684423008)(-31.636799131781117, 2.895093411835518)
(-30.114628600935248, 8.723308666554914)(-29.97158236247151, 6.9005210182805)(-35.20470708587027, 6.489795785344967)(-35.34775332433401, 8.31258343361938)(-30.114628600935248, 8.723308666554914)
(-18.343388282807155, 10.33001909340146)(-16.561408970916546, 10.91505959136174)(-14.98770492238691, 6.1219684728457935)(-16.76968423427752, 5.5369279748854865)(-18.343388282807155, 10.33001909340146)
(-39.53701150108509, 8.330207201666525)(-39.31637618041532, 6.297391682901491)(-43.479702772144265, 5.845493085606108)(-43.700338092814036, 7.878308604371142)(-39.53701150108509, 8.330207201666525)
(-26.862988012333517, 14.689375624193502)(-25.386895738934072, 16.064752264334118)(-21.640711770811322, 12.044644617823707)(-23.11680404421213, 10.669267977682836)(-26.862988012333517, 14.689375624193502)
(-0.7228832556197631, 2.8155908940742336)(1.162760806809274, 2.9137743304339097)(1.4178719486353657, -1.9868247860402164)(-0.4677721137941262, -2.085008222399665)(-0.7228832556197631, 2.8155908940742336)
(-32.46931773063034, 11.678556884851616)(-32.31321828034925, 9.689430475617513)(-36.52901663992725, 9.358551818172828)(-36.685116090208794, 11.347678227407584)(-32.46931773063034, 11.678556884851616)
(-19.001199320169235, 0.35292059184467917)(-17.236880962483156, 0.8583659837582047)(-16.026599770243138, -3.3660678591859607)(-17.79091812792967, -3.8715132510995147)(-19.001199320169235, 0.35292059184467917)
(-39.518876667860695, 14.384069566734098)(-39.379594938023274, 12.609250875001237)(-43.531032155768116, 12.283422752086011)(-43.67031388560554, 14.058241443818872)(-39.518876667860695, 14.384069566734098)
(-31.74283315533603, 14.476919001873455)(-31.601812841430274, 12.679941590642187)(-35.792025878225104, 12.351070955474768)(-35.933046192130405, 14.14804836670649)(-31.74283315533603, 14.476919001873455)
(-39.36851548183449, 2.9025961441521986)(-39.16438498415391, 0.19930618669957312)(-46.44172730074388, -0.3502875149340241)(-46.64585779842446, 2.3530024425184024)(-39.36851548183449, 2.9025961441521986)
