(20.999654908905995, 53.800682314479445)(18.069389333257277, 53.72608316978392)(17.835125091093687, 62.92801768552036)(20.76539066674286, 63.002616830215686)(20.999654908905995, 53.800682314479445)
(-11.345959629903973, 10.832857864831254)(-13.254261733122348, 10.846236529006319)(-13.224480370096899, 15.094182135168495)(-11.316178266878524, 15.0808034709938)(-11.345959629903973, 10.832857864831254)
(-11.899128635927354, 86.8159390241598)(-14.18633600437397, 86.91576954027408)(-13.957871364073526, 92.15010097584016)(-11.67066399562691, 92.05027045972611)(-11.899128635927354, 86.8159390241598)
(-4.9389265587583395, 29.815631117774927)(-6.937717637060359, 29.963307095582337)(-6.622513441242518, 34.22958888222482)(-4.623722362940953, 34.08191290441761)(-4.9389265587583395, 29.815631117774927)
(-4.223607614550474, 49.04500589984704)(-6.138792625126371, 49.03983172079961)(-6.150356385450323, 53.32007410015257)(-4.235171374873971, 53.325248279200224)(-4.223607614550474, 49.04500589984704)
(-4.537904320762664, 64.97087250180621)(-6.314380007508589, 65.0259407198769)(-6.1827796792385925, 69.27130749819378)(-4.406303992492212, 69.21623928012266)(-4.537904320762664, 64.97087250180621)
(3.0015613040122844, 99.95770026062237)(1.1785385984503591, 99.31897342225741)(-0.3814793040128279, 103.77149973937699)(1.4415434015486426, 104.4102265777424)(3.0015613040122844, 99.95770026062237)
(23.815889830230844, 55.20674304699568)(22.05126802478344, 55.17880206651162)(21.987210169768787, 59.22439695300409)(23.751831975215737, 59.25233793348835)(23.815889830230844, 55.20674304699568)
(-5.169323889382667, 41.9335041776292)(-7.087483871933273, 41.89036582617052)(-7.182474110617932, 46.11413582237046)(-5.264314128067326, 46.157274173829336)(-5.169323889382667, 41.9335041776292)
(13.24355809581175, 89.55989322594746)(11.849051191035414, 88.10105973539018)(8.301621904187414, 91.49206677405229)(9.69612880896375, 92.95090026460957)(13.24355809581175, 89.55989322594746)
(-11.084509900349076, 57.417196379474035)(-12.994220096881236, 57.42692959507883)(-12.971470099651924, 61.890603620526235)(-11.061759903119764, 61.880870404920756)(-11.084509900349076, 57.417196379474035)
(-3.576580435996675, 10.017440027489783)(-5.6834922560765335, 10.106446005322823)(-5.481671564003591, 14.883859972510294)(-3.3747597439237325, 14.7948539946768)(-3.576580435996675, 10.017440027489783)
(-7.906389955275699, 8.581694177366103)(-9.717516408097254, 8.573952192017316)(-9.73687204472526, 13.101925822633575)(-7.925745591903251, 13.109667807982362)(-7.906389955275699, 8.581694177366103)
(5.427445488142439, 36.39716543462629)(7.213171473249986, 36.53080983037154)(7.4973385118560145, 32.73383456537357)(5.711612526749832, 32.60019016962809)(5.427445488142439, 36.39716543462629)
(-8.00697838991573, 26.8059777879688)(-10.130495419453382, 26.93631193711323)(-9.861973610084988, 31.311302212030768)(-7.7384565805477905, 31.180968062886535)(-8.00697838991573, 26.8059777879688)
(23.134312785097336, 94.25670681112197)(22.910727869691527, 96.8567370474874)(29.015272922507393, 97.38115485258228)(29.23885783791411, 94.78112461621683)(23.134312785097336, 94.25670681112197)
(25.36706716185745, 97.70894843837073)(25.16393602651351, 99.86571835554045)(29.40215323170014, 100.26451880693415)(29.605284367044533, 98.10774888976465)(25.36706716185745, 97.70894843837073)
(-7.02769083083831, 98.54967763740783)(-9.136899629638265, 98.36713866112422)(-9.525480799415618, 102.8526204739583)(-7.416272000616118, 103.03515945024137)(-7.02769083083831, 98.54967763740783)
(-12.090685392985051, 70.86054845604443)(-14.226033802405254, 70.89066469964908)(-14.162554626036126, 75.42045170735594)(-12.027206216616378, 75.39033546375128)(-12.090685392985051, 70.86054845604443)
(18.207175546485814, 97.13608555294681)(18.01589102833168, 99.36050004056827)(22.252446101597343, 99.7244460709243)(22.443730619751932, 97.50003158330287)(18.207175546485814, 97.13608555294681)
(18.131918186821167, 93.7847130125497)(17.965043272674393, 95.76840866183511)(22.123971963556414, 96.11790881054506)(22.29084687770319, 94.13421316125945)(18.131918186821167, 93.7847130125497)
(22.285513327426997, 89.52458831732577)(21.840144881252854, 87.38859350634701)(17.104730520331486, 88.37638544466583)(17.550098966506084, 90.51238025564476)(22.285513327426997, 89.52458831732577)
