(24.23697939131307, 37.984774556229496)(22.202870171824543, 37.869658303308626)(21.95664060868603, 42.220545443770646)(23.990749828175012, 42.33566169669152)(24.23697939131307, 37.984774556229496)
(-11.703818933290677, 55.7460617459536)(-13.757053024894958, 55.6897918152805)(-13.91512106671098, 61.45753825404651)(-11.861886975106245, 61.513808184719835)(-11.703818933290677, 55.7460617459536)
(7.655906058476376, 76.0809020858679)(6.158958339652145, 75.10746346927854)(3.2750119415231893, 79.54237791413189)(4.771959660346965, 80.51581653072165)(7.655906058476376, 76.0809020858679)
(-11.661190807325966, 38.58771764275039)(-13.631591324632609, 38.54619387069869)(-13.716589192674746, 42.57954235724978)(-11.746188675369467, 42.62106612930168)(-11.661190807325966, 38.58771764275039)
(20.374089049931627, 72.24445482627479)(19.97874194224414, 70.33981943355545)(15.56143095006746, 71.25672517372502)(15.956778057754946, 73.16136056644436)(20.374089049931627, 72.24445482627479)
(-4.2902145272460075, 21.336515784341174)(-6.24458220497263, 21.420305180014452)(-6.0659274727554475, 25.58738421565883)(-4.11155979502837, 25.503594819985352)(-4.2902145272460075, 21.336515784341174)
(-5.871158890404786, 64.38121990204854)(-7.733085810304601, 64.33019284228456)(-7.8480291095966095, 68.5243600979519)(-5.986102189697249, 68.57538715771565)(-5.871158890404786, 64.38121990204854)
(20.97611014240647, 37.71885902599189)(18.340975278048518, 37.64531268301883)(18.104689857592348, 46.11132097400838)(20.739824721950754, 46.18486731698144)(20.97611014240647, 37.71885902599189)
(-4.440484032115364, 39.17493602033801)(-6.478076258063538, 39.26229349313431)(-6.285627967885375, 43.75110397966202)(-4.248035741937656, 43.663746506866374)(-4.440484032115364, 39.17493602033801)
(5.440022273642626, 37.31168781065884)(7.221888306235996, 37.444717967072165)(7.5389797263565015, 33.19745218934102)(5.757113693763131, 33.06442203292838)(5.440022273642626, 37.31168781065884)
(-0.30232652813765526, 97.32195505218922)(-2.368811917835501, 96.9473358294355)(-3.1454854718631395, 101.23164494781068)(-1.0790000821662034, 101.60626417056486)(-0.30232652813765526, 97.32195505218922)
(-4.352527525074038, 13.048373473410095)(-6.320472369951858, 12.973966157107327)(-6.493380474927108, 17.547086526590107)(-4.525435630049287, 17.621493842892903)(-4.352527525074038, 13.048373473410095)
(-4.47662369969521, 0.9205529747991648)(-6.306120185751297, 0.892082515811012)(-6.376230300305451, 5.3973210252009665)(-4.546733814250729, 5.425791484189574)(-4.47662369969521, 0.9205529747991648)
(-10.329630869903212, 25.20345920795893)(-12.21800827510424, 25.117013840526766)(-12.416989130098045, 29.463700792040925)(-10.528611724897019, 29.55014615947377)(-10.329630869903212, 25.20345920795893)
(27.545402850855226, 39.25448859693972)(25.487278513009187, 38.90605679864072)(24.766797149143258, 43.16181140306048)(26.824921486988842, 43.510243201359685)(27.545402850855226, 39.25448859693972)
(22.413234075983382, 76.66667706496187)(22.161316629151315, 80.13974870004179)(31.936725924015263, 80.8488029350386)(32.18864337084733, 77.37573129995891)(22.413234075983382, 76.66667706496187)
(17.337338978667958, 87.1369360462505)(17.11378354105682, 89.38124077325594)(24.04726128901075, 90.07148532331476)(24.270816726621433, 87.82718059630955)(17.337338978667958, 87.1369360462505)
(25.995352987818933, 84.84471227729878)(25.80258189453798, 86.92642004697862)(30.001474900248922, 87.31500158029834)(30.194245993529876, 85.23329381061896)(25.995352987818933, 84.84471227729878)
(26.411520596388527, 87.86907302495464)(26.243723267001315, 89.68109044997883)(30.36499808737608, 90.06248936471385)(30.532795416763292, 88.25047193968985)(26.411520596388527, 87.86907302495464)
(18.951455037313735, 84.15885105087912)(18.758781922785147, 86.09312620633463)(22.95610835571324, 86.51097971825303)(23.148781470242284, 84.57670456279706)(18.951455037313735, 84.15885105087912)
(18.056929357325316, 81.28854828518732)(17.866763142110358, 83.19765624135246)(22.12911890995474, 83.6219835844037)(22.319285125170154, 81.71287562823849)(18.056929357325316, 81.28854828518732)
(18.784965810844824, 90.35652853446297)(18.606112490974738, 92.15206970555809)(22.737317190535578, 92.56333948483703)(22.916170510405664, 90.76779831374213)(18.784965810844824, 90.35652853446297)
(17.591691813958732, 77.76146000257759)(17.31552529043165, 79.59787908697567)(21.58651987002304, 80.23994702440766)(21.86268639355012, 78.40352794000981)(17.591691813958732, 77.76146000257759)
(26.110030321306112, 90.64202665192207)(25.935923287483547, 92.52217983392265)(30.02024193875559, 92.90015903530988)(30.194348972578155, 91.02000585330913)(26.110030321306112, 90.64202665192207)
(25.43147142008729, 81.7919480095513)(25.17753103362429, 83.81897286660782)(29.30018697957894, 84.3352244178104)(29.554127366042394, 82.30819956075382)(25.43147142008729, 81.7919480095513)
