(-0.2531503908933672, 102.1553567541805)(1.5821005285709475, 102.19270954210697)(1.6676697908927594, 97.9884432458175)(-0.16758112857155538, 97.95109045789059)(-0.2531503908933672, 102.1553567541805)
(6.587894635699996, 66.23427455826186)(8.44676979392952, 66.28887941560151)(8.572823364299751, 61.99772544173675)(6.713948206069759, 61.94312058439618)(6.587894635699996, 66.23427455826186)
(30.581275894772986, 51.62431514030868)(30.494229591592784, 53.45280436770463)(34.754244105226675, 53.65560485968945)(34.84129040840641, 51.827115632293044)(30.581275894772986, 51.62431514030868)
(28.73179313855809, 44.07697405399995)(28.75554760480476, 45.935547257013695)(33.00100686144147, 45.88128594599766)(32.977252395194796, 44.02271274298482)(28.73179313855809, 44.07697405399995)
(1.956220525385362, 8.835227491424575)(3.7958495168712005, 8.932558794138913)(4.019325474614391, 4.708708508573636)(2.1796964831285663, 4.611377205858844)(1.956220525385362, 8.835227491424575)
(22.646283443140376, 50.47671419756398)(22.55706438016702, 52.332055267024316)(27.089836556859098, 52.55002580243354)(27.179055619832468, 50.6946847329732)(22.646283443140376, 50.47671419756398)
(-0.47687682699374534, 28.124645255935775)(1.2792133508060743, 28.62377144585207)(2.4277576269933547, 24.582814744062034)(0.671667449193535, 24.083688554145738)(-0.47687682699374534, 28.124645255935775)
(-50.25408690129302, 50.06433640182513)(-49.97650293068521, 53.41970595755038)(-29.743733098707686, 51.74588359817244)(-30.02131706931504, 48.39051404244765)(-50.25408690129302, 50.06433640182513)
(24.997853785067576, 36.2072984026413)(24.898539044217287, 38.04005851074362)(30.100426214931687, 38.32194159735627)(30.199740955782204, 36.489181489254406)(24.997853785067576, 36.2072984026413)
(-5.489831947527165, 29.64515475966482)(-3.8009670113958265, 30.38629965354994)(-1.3601740524734396, 24.824405240332908)(-3.0490389886043374, 24.083260346448697)(-5.489831947527165, 29.64515475966482)
(-25.88630352447028, 46.6643035408415)(-25.57042019537373, 48.473456506162165)(-21.281716475530487, 47.7246364591565)(-21.59759980462657, 45.915483493835836)(-25.88630352447028, 46.6643035408415)
(2.9300219165069876, 43.77669048986945)(4.915339990374733, 43.92518834194061)(5.23207808349234, 39.690609510128525)(3.2467600096245945, 39.54211165805691)(2.9300219165069876, 43.77669048986945)
(-13.861734107144756, 41.638242773761704)(-11.566146997608115, 43.536346167378724)(-5.34894789285589, 36.01719722623602)(-7.644535002392303, 34.119093832619455)(-13.861734107144756, 41.638242773761704)
(29.158711232316918, 47.292454101969724)(29.10168449022234, 49.15972450192976)(33.3649687676823, 49.28992589802829)(33.42199550977735, 47.42265549806871)(29.158711232316918, 47.292454101969724)
(-9.774421498733844, 96.80005538075193)(-11.771986222649275, 96.76675526530653)(-11.84765617063735, 101.2997705002058)(-9.850091446721933, 101.3330706156512)(-9.774421498733844, 96.80005538075193)
(6.168222245436397, 65.76281497475657)(8.29148060539272, 65.88783229300452)(8.551177222109033, 61.47911613894348)(6.427918862152467, 61.35409882069507)(6.168222245436397, 65.76281497475657)
(9.952585885025584, 92.31458397183178)(11.834816722058036, 92.42540997931383)(12.07642902557454, 88.32371439264944)(10.19419818854189, 88.21288838516739)(9.952585885025584, 92.31458397183178)
(1.666102996994283, 66.13692300911453)(3.6719552699674978, 66.25502645490815)(3.9204609867031053, 62.03625555808867)(1.9146087137301464, 61.9181521122955)(1.666102996994283, 66.13692300911453)
(-8.697348921258424, 69.1061785420884)(-10.633982318719546, 69.07389431301044)(-10.708646962733539, 73.54670601568432)(-8.772013565272871, 73.57899024476183)(-8.697348921258424, 69.1061785420884)
(-13.112656564563466, 96.45452366841891)(-15.12667293865691, 96.42094878489752)(-15.20237915814657, 100.95606763495834)(-13.188362784053368, 100.98964251847929)(-13.112656564563466, 96.45452366841891)
(-8.292047356866604, 75.38847008424136)(-10.39742395006786, 75.15601136108671)(-10.863951677708883, 79.38026134223628)(-8.758575084508095, 79.61272006539048)(-8.292047356866604, 75.38847008424136)
(-15.497910122687571, 71.40439295091755)(-17.84933838221106, 71.69785716326442)(-17.33024649324254, 75.85760864402619)(-14.978818233719295, 75.56414443167978)(-15.497910122687571, 71.40439295091755)
(-12.478670264490944, 79.03515230032599)(-14.692750184664291, 78.99824332805247)(-14.762642314506763, 83.18519771942101)(-12.54856239433343, 83.22210669169453)(-12.478670264490944, 79.03515230032599)
