(28.26090499272717, 28.44234882434648)(28.11458216746832, 30.247342665896667)(32.36803500727202, 30.592151175653726)(32.51435783253087, 28.787157334103995)(28.26090499272717, 28.44234882434648)
(25.665942763383548, 23.993875024872068)(25.497508963943808, 26.071623114825343)(30.677537236615414, 26.491544975127454)(30.84597103605561, 24.413796885174634)(25.665942763383548, 23.993875024872068)
(-10.069394064238686, 25.062063827936527)(-8.658421034795005, 26.219954550416787)(-5.668331935761707, 22.576316172063798)(-7.079304965205843, 21.418425449583083)(-10.069394064238686, 25.062063827936527)
(-11.18077720581634, 72.7663384054199)(-13.077507703755636, 72.77090698097754)(-13.067222794184218, 77.04088159457979)(-11.170492296244916, 77.03631301902215)(-11.18077720581634, 72.7663384054199)
(31.524834672963358, 39.15728635051664)(31.293075326598547, 41.130966769797396)(35.64808532703589, 41.64235364948354)(35.87984467340096, 39.66867323020233)(31.524834672963358, 39.15728635051664)
(-7.0394659416582215, 27.82329098791388)(-5.545529206379101, 29.108772173778107)(-2.780076058342587, 25.894869012085564)(-4.274012793621701, 24.609387826221337)(-7.0394659416582215, 27.82329098791388)
(1.9593939999994419, 6.928162499999871)(3.896603999999492, 6.928162499999871)(3.8966039999995417, 2.6559614999996484)(1.959393999999726, 2.655961500000103)(1.9593939999994419, 6.928162499999871)
(2.727661883332594, 73.7764470367033)(4.626714174587505, 73.71749793859362)(4.494792116666645, 69.46761296329669)(2.595739825411499, 69.52656206140591)(2.727661883332594, 73.7764470367033)
(-39.78887923145731, 35.85806219501319)(-39.66598257625543, 37.74328565995438)(-35.38572076854322, 37.46425780498703)(-35.50861742374511, 35.57903434004584)(-39.78887923145731, 35.85806219501319)
(-7.6694452962909025, 74.92430159783771)(-9.5090345474376, 74.93282567818142)(-9.48906070370979, 79.24339840216226)(-7.649471452562864, 79.234874321819)(-7.6694452962909025, 74.92430159783771)
(-7.360224077730358, 56.43347246244002)(-9.328245991572878, 56.52277491954146)(-9.117307922270491, 61.17136753755949)(-7.149286008427957, 61.082065080458506)(-7.360224077730358, 56.43347246244002)
(-14.465213751518071, 56.90367367292038)(-16.345561140997987, 57.132420736239055)(-15.83636624848242, 61.31810632707902)(-13.956018859002732, 61.08935926376125)(-14.465213751518071, 56.90367367292038)
(12.527702999999804, 100.27410599999985)(14.386956999999867, 100.27410599999985)(14.38695699999954, 96.0076939999999)(12.527702999999704, 96.0076939999999)(12.527702999999804, 100.27410599999985)
(7.237527678657045, 80.44276584775207)(9.11368503896071, 80.44591306527627)(9.120942321342199, 76.11961415224732)(7.244784961038533, 76.11646693472312)(7.237527678657045, 80.44276584775207)
(29.707546323694835, 31.62916119332931)(29.482145169212494, 33.438210176339)(33.725993676304505, 33.966978806669886)(33.95139483078707, 32.15792982366111)(29.707546323694835, 31.62916119332931)
(-15.114108016423927, 77.86606874329209)(-16.972596995997797, 77.77361890731254)(-17.183871983576843, 82.02081125670747)(-15.325383004003207, 82.11326109268748)(-15.114108016423927, 77.86606874329209)
(23.706573071658433, 38.15335396444425)(23.492461066135697, 40.20589456983453)(27.759046928340744, 40.650966035555484)(27.973158933864163, 38.59842543016566)(23.706573071658433, 38.15335396444425)
(-22.167974732864682, 34.9588027868258)(-20.674707134503873, 37.47966168464427)(-11.968845267135706, 32.32261721317445)(-13.462112865496977, 29.801758315355983)(-22.167974732864682, 34.9588027868258)
(30.15273013225775, 35.064758495165734)(29.93415369274455, 36.9261722657443)(34.13878986774133, 37.41990150483389)(34.357366307254544, 35.55848773425623)(30.15273013225775, 35.064758495165734)
(2.697873999999416, 54.4972815000001)(4.6770699999995315, 54.4972815000001)(4.677069999999375, 50.2499785)(2.697873999999487, 50.24997849999954)(2.697873999999416, 54.4972815000001)
(-0.10822264643877588, 1.886242658581068)(1.8071209335321754, 1.9470841266411298)(1.9378249021887513, -2.1686604087849446)(0.022481322217331012, -2.2295018768463706)(-0.10822264643877588, 1.886242658581068)
(-11.135323490703676, 74.46975259234114)(-13.187952643605712, 74.39228576929281)(-13.369512999100621, 79.20413188736984)(-11.316883846198358, 79.28159871041771)(-11.135323490703676, 74.46975259234114)
(-12.133298031125577, 94.2384769532755)(-14.128330854879565, 94.16318697807628)(-14.285542332477881, 98.32989533191312)(-12.290509508723432, 98.40518530711233)(-12.133298031125577, 94.2384769532755)
(-6.837448610108808, 62.94872716463078)(-8.704248175804807, 62.91355174934051)(-8.781752519540035, 67.02854676604647)(-6.914952953844512, 67.06372218133629)(-6.837448610108808, 62.94872716463078)
(-7.671683964816914, 76.71581604052562)(-9.871824769809727, 76.6327840148424)(-10.039908183339776, 81.08755787546806)(-7.83976737834697, 81.17058990115038)(-7.671683964816914, 76.71581604052562)
(6.709897817236701, 77.55067278164324)(8.692707650381713, 77.68660191600975)(8.998234917719437, 73.22927429326501)(7.015425084574417, 73.0933451588985)(6.709897817236701, 77.55067278164324)
(-10.763483226903908, 61.88626883696088)(-12.723992399106628, 61.9121156893666)(-12.670496259399187, 65.9675557799792)(-10.709987087196467, 65.94170892757393)(-10.763483226903908, 61.88626883696088)
