(21.573458505357394, 32.71664077021194)(21.46644122708676, 34.59079582714193)(25.776361494642515, 34.83689922978772)(25.883378772912693, 32.96274417285795)(21.573458505357394, 32.71664077021194)
(27.434638555978836, 33.1938798251777)(27.32814245168447, 35.0589077499356)(31.91632144402047, 35.32090017482173)(32.02281754831438, 33.45587225006432)(27.434638555978836, 33.1938798251777)
(7.687444462488202, 30.359231173326094)(6.053995954493985, 29.42205683280295)(3.840535537510732, 33.28000882667388)(5.473984045504949, 34.21718316719702)(7.687444462488202, 30.359231173326094)
(-27.480209048551842, 40.337856732734195)(-28.683442247062885, 41.79407824543918)(-25.43237095144923, 44.480343267265425)(-24.22913775293773, 43.024121754560696)(-27.480209048551842, 40.337856732734195)
(13.310054350906285, 33.68857452753994)(11.798966770068091, 32.5661515870346)(8.948865649093023, 36.403165472459506)(10.459953229930761, 37.52558841296505)(13.310054350906285, 33.68857452753994)
(21.127829662419117, 44.129388786726196)(20.95226550317193, 46.40366947349219)(32.74469033758032, 47.313991213273596)(32.9202544968266, 45.03971052650721)(21.127829662419117, 44.129388786726196)
(-0.21497118294109896, 61.090112548510945)(-2.184372007458933, 60.86879887609609)(-2.6710628170594646, 65.1997074514887)(-0.7016619925416308, 65.42102112390353)(-0.21497118294109896, 61.090112548510945)
(1.3790189821183958, 83.3772887268187)(-0.4849259923298632, 83.23671905414838)(-0.8126931821193466, 87.58289127318133)(1.0512517923289124, 87.72346094585114)(1.3790189821183958, 83.3772887268187)
(27.512698849699063, 26.11428157391461)(27.60228809366299, 24.155669462503766)(22.95984115030069, 23.943318426085085)(22.870251906336307, 25.901930537496384)(27.512698849699063, 26.11428157391461)
(29.0444251238373, 39.36738883193814)(28.8737212415881, 41.223620170074696)(33.05945487616236, 41.608551168061666)(33.23015875841156, 39.752319829924886)(29.0444251238373, 39.36738883193814)
(-27.49817571232734, 23.706965170255813)(-27.458281941045698, 21.761326122200273)(-31.876464287673116, 21.67073482974419)(-31.91635805895521, 23.616373877799333)(-27.49817571232734, 23.706965170255813)
(16.724130177080497, 25.207890820627284)(16.194269949141926, 23.25368576625212)(11.845409822918555, 24.432829179372987)(12.375270050857125, 26.387034233748153)(16.724130177080497, 25.207890820627284)
(-24.26642967727821, 17.084498179407916)(-24.22680070308479, 15.151773416911709)(-28.59135032272252, 15.062281820591721)(-28.63097929691594, 16.995006583088156)(-24.26642967727821, 17.084498179407916)
(-26.14046349484761, 20.081505161432403)(-26.102408604761422, 18.22554926296513)(-30.71777650515287, 18.130914838567207)(-30.755831395239056, 19.98687073703465)(-26.14046349484761, 20.081505161432403)
(3.2260892266167502, 36.69954822363562)(1.2793018849824875, 36.3743293409197)(0.572792773382389, 40.60355177636427)(2.5195801150171064, 40.92877065907976)(3.2260892266167502, 36.69954822363562)
(-9.07682205856463, 79.59836871916042)(-10.935027247134713, 79.49380205049997)(-11.175857941436334, 83.77349128083961)(-9.317652752866252, 83.8780579494998)(-9.07682205856463, 79.59836871916042)
(35.3473672087066, 33.461141512784934)(35.18534529205817, 35.23477049504734)(40.14873279129233, 35.688178487214856)(40.310754707941214, 33.91454950495245)(35.3473672087066, 33.461141512784934)
(-3.8898420095370057, 4.068812695998929)(-5.923040028720607, 4.131753464755377)(-5.777241990463608, 8.84151930400057)(-3.744043971280462, 8.778578535244321)(-3.8898420095370057, 4.068812695998929)
(20.43532165691022, 39.14879255021941)(20.290699313351524, 41.12998756744821)(24.539424046312433, 41.44006057687997)(24.684046389870673, 39.458865559650945)(20.43532165691022, 39.14879255021941)
(27.416671018644138, 33.436407462405214)(27.279995858494658, 35.30873384278448)(31.510078386931127, 35.61744624500946)(31.646753547080152, 33.745119864630425)(27.416671018644138, 33.436407462405214)
(21.906236666564837, 41.97683601657127)(21.7479598558034, 44.14508715452149)(25.988447611515312, 44.45455869936313)(26.146724422277202, 42.28630756141243)(21.906236666564837, 41.97683601657127)
(-31.961786346944336, 16.167979965532083)(-31.948139886596437, 13.756915536472832)(-36.44974412236843, 13.731516398032454)(-36.463390582715874, 16.14258082709148)(-31.961786346944336, 16.167979965532083)
(-34.44944174777993, 19.283176615104168)(-34.4357830213612, 16.86963523427025)(-39.084033472481224, 16.843412059180196)(-39.09769219889995, 19.256953440014144)(-34.44944174777993, 19.283176615104168)
(-35.22314140293838, 22.99818113581921)(-35.212640819360786, 21.142830664775488)(-39.57709262027947, 21.118206722919012)(-39.58759320385661, 22.973557193962705)(-35.22314140293838, 22.99818113581921)
(28.575793286026965, 42.37775279902351)(28.486106175803798, 43.98422763113496)(32.7067138670518, 44.21978447921515)(32.79640097727497, 42.613309647103705)(28.575793286026965, 42.37775279902351)
(19.41472199434429, 36.05594649318422)(19.27237569357976, 38.005965679169265)(23.5036969516932, 38.31476796211166)(23.64604325245773, 36.364748776126646)(19.41472199434429, 36.05594649318422)
