(29.855168341505575, 34.99925546918075)(29.804072231466556, 36.86145659933436)(34.05677165849469, 36.978144530818554)(34.107867768533254, 35.115943400664946)(29.855168341505575, 34.99925546918075)
(21.849571047501215, 39.59689187959566)(22.117166766280675, 41.551323684198906)(27.215828952498967, 40.853228120403855)(26.948233233719506, 38.898796315800155)(21.849571047501215, 39.59689187959566)
(4.791336500000025, 44.69314349999968)(6.556423500000179, 44.69314350000013)(6.556423499999976, 40.33535649999931)(4.791336500000288, 40.33535649999976)(4.791336500000025, 44.69314349999968)
(-6.685784620867933, 61.337062062809764)(-8.40799462086756, 61.33706093719047)(-8.407997379131972, 65.55723793718971)(-6.685787379132352, 65.55723906280855)(-6.685784620867933, 61.337062062809764)
(5.270320000000144, 72.40996899999936)(7.072813999999962, 72.40996899999936)(7.072814000000239, 68.17603099999997)(5.2703199999999555, 68.17603099999951)(5.270320000000144, 72.40996899999936)
(-6.886452386671394, 54.74597628575157)(-9.072068386670734, 54.745977714248056)(-9.072065613328608, 58.989223714247146)(-6.886449613328795, 58.98922228575111)(-6.886452386671394, 54.74597628575157)
(-19.183116580610186, 33.29080353556765)(-18.497712056837067, 34.97368211621233)(-14.124403419389633, 33.192516464432174)(-14.809807943162763, 31.50963788378658)(-19.183116580610186, 33.29080353556765)
(-33.30469018032579, 31.017646374225933)(-32.943980900317186, 32.76473437069626)(-28.825469819674282, 31.91441362577325)(-29.186179099682413, 30.167325629303377)(-33.30469018032579, 31.017646374225933)
(30.02641742811236, 31.247458991565964)(30.039575204477536, 33.09612416727077)(34.999662571888265, 33.06082100843423)(34.98650479552262, 31.212155832728968)(30.02641742811236, 31.247458991565964)
(4.822277000000213, 6.557565499999782)(6.639717000000044, 6.557565499999782)(6.639716999999752, 2.270450499999697)(4.822277000000145, 2.270450499999697)(4.822277000000213, 6.557565499999782)
(30.12496915448918, 39.82777896363132)(30.20585069406374, 41.72346129466814)(34.474810845510774, 41.54132103636812)(34.39392930593622, 39.64563870533084)(30.12496915448918, 39.82777896363132)
(9.85021000000004, 55.94538249999914)(11.594630000000052, 55.945382499999596)(11.594630000000087, 51.68959749999976)(9.85021000000009, 51.68959750000022)(9.85021000000004, 55.94538249999914)
(-6.962929111873779, 69.99368106813381)(-8.7014321118736, 69.9936799318657)(-8.701434888126153, 74.2413789318648)(-6.9629318881267945, 74.24138006813291)(-6.962929111873779, 69.99368106813381)
(2.665492500000063, 34.71881499999972)(4.538095499999965, 34.71881499999927)(4.538095500000061, 30.15644499999962)(2.665492500000159, 30.15644499999962)(2.665492500000063, 34.71881499999972)
(-10.79925289822748, 53.60601536090735)(-12.754889898227203, 53.60601663909256)(-12.754887101772509, 57.884624639091726)(-10.799250101773012, 57.88462336090652)(-10.79925289822748, 53.60601536090735)
(-33.44591560453614, 29.138202518620346)(-33.44671090365932, 27.41928070260201)(-38.194724395463574, 27.421477481379043)(-38.19392909634108, 29.14039929739738)(-33.44591560453614, 29.138202518620346)
(-41.89521082733512, 35.755538037173665)(-41.64931873009159, 37.64519278868556)(-37.03414917266477, 37.04464196282515)(-37.28004126990828, 35.154987211314165)(-41.89521082733512, 35.755538037173665)
(5.049411000000145, 27.294471999999587)(6.984482999999845, 27.294471999999587)(6.984483000000157, 22.99828799999932)(5.049411000000006, 22.99828799999932)(5.049411000000145, 27.294471999999587)
(7.834545999999818, 43.67875399999912)(9.614243999999811, 43.67875399999957)(9.614244000000241, 39.428026000000045)(7.834546000000248, 39.42802599999959)(7.834545999999818, 43.67875399999912)
(-13.968931380662994, 54.76143932847526)(-16.023811380662544, 54.76144067152427)(-16.02380861933719, 58.98630067152408)(-13.968928619337401, 58.98629932847507)(-13.968931380662994, 54.76143932847526)
(8.210821999999904, 18.912963499999933)(10.09957200000024, 18.912963499999933)(10.099572000000116, 14.68573649999962)(8.210821999999997, 14.685736499999166)(8.210821999999904, 18.912963499999933)
(6.700349910582727, 93.62176063159268)(8.641323705418866, 93.71713485795908)(8.848916562849677, 89.49488917647386)(6.907942768013299, 89.399514950107)(6.700349910582727, 93.62176063159268)
(4.728516980606052, 71.99235141613235)(6.875390934205026, 72.11148554053807)(7.132913516730984, 67.4731883924419)(4.98603956313201, 67.35405426803618)(4.728516980606052, 71.99235141613235)
(-0.5349489859301784, 2.7146788381705846)(1.43489727233532, 2.7822797182752765)(1.5997352336363306, -2.0168783540575532)(-0.3701110246296331, -2.0844792341617904)(-0.5349489859301784, 2.7146788381705846)
