(18.708419189497363, 18.666943373808863)(17.393281436422967, 20.30964033403052)(20.672680810503152, 22.93511662618903)(21.987818563578003, 21.292419665968282)(18.708419189497363, 18.666943373808863)
(14.82655719793911, 23.26272528077061)(13.472376379731031, 24.954189698439677)(17.03180280206152, 27.80385471922773)(18.3859836202696, 26.112390301558662)(14.82655719793911, 23.26272528077061)
(-15.91208793828946, 18.524039450151577)(-17.420648041090317, 16.931941396165712)(-21.034972061709595, 20.356620549846866)(-19.526411958909193, 21.94871860383273)(-15.91208793828946, 18.524039450151577)
(16.431555462035703, 20.709716640008992)(15.112044730671641, 22.35787574906408)(18.69138453796495, 25.223483359989586)(20.010895269329012, 23.575324250934955)(16.431555462035703, 20.709716640008992)
(20.77337291960248, 16.540243941566132)(19.459819831832192, 18.07126751915439)(22.721087080397865, 20.86929605843261)(24.034640168168607, 19.338272480844353)(20.77337291960248, 16.540243941566132)
(21.529812836824476, 24.7208550619539)(20.305075175891943, 26.25063612707754)(23.81646716317664, 29.061844938044487)(25.041204824108718, 27.532063872920844)(21.529812836824476, 24.7208550619539)
(-0.7978835323747262, 2.854096647240567)(1.0610159119041782, 2.925230995808761)(1.2424682883165588, -1.8103577289807617)(-0.6164311559609814, -1.8814920775489554)(-0.7978835323747262, 2.854096647240567)
(21.65677660421261, 24.911360331142532)(20.377382252599546, 26.421808207261165)(23.66044584516567, 29.202586745221197)(24.939840196779187, 27.692138869101655)(21.65677660421261, 24.911360331142532)
(24.101974119248553, 23.180384939818396)(22.72974611954578, 24.80043212732926)(26.011119840079573, 27.57977885762466)(27.383347839781436, 25.959731670113342)(24.101974119248553, 23.180384939818396)
(-15.988760333389564, 18.23772951020692)(-17.299542660331554, 16.826442507242973)(-20.845416345825925, 20.119787842600545)(-19.53463401888348, 21.53107484556449)(-15.988760333389564, 18.23772951020692)
