(3.4809777196248888, 52.64453449061193)(5.407168939628946, 52.58989614203438)(5.286058280375073, 48.320325509387885)(3.359867060371016, 48.37496385796521)(3.4809777196248888, 52.64453449061193)
(26.41947171683637, 30.901403562042788)(26.36280741623159, 32.759485742128845)(31.267388283163882, 32.909056437956906)(31.324052583767525, 31.05097425787085)(26.41947171683637, 30.901403562042788)
(-5.454391044176873, 50.80951146864027)(-7.328015461934683, 50.77383774614418)(-7.4090329558237045, 55.028968531359396)(-5.53540853806544, 55.06464225385571)(-5.454391044176873, 50.80951146864027)
(-39.718036544538336, 67.49416867172499)(-41.06020778413358, 68.75205928174319)(-38.13956345546194, 71.86839132827481)(-36.79739221586624, 70.61050071825639)(-39.718036544538336, 67.49416867172499)
(-27.101879827647053, 24.093286912584517)(-26.877910884639505, 25.894898841654367)(-22.66006017235327, 25.370553087415374)(-22.884029115360363, 23.56894115834507)(-27.101879827647053, 24.093286912584517)
(26.945281041779708, 36.694575382702396)(26.862201697831324, 38.542510787907986)(31.101138958219735, 38.73308461729721)(31.184218302168574, 36.88514921209185)(26.945281041779708, 36.694575382702396)
(26.218031834202748, 27.208929301910985)(26.162270348018865, 29.03740724496697)(30.471128165797154, 29.16881069808869)(30.526889651980582, 27.340332755032705)(26.218031834202748, 27.208929301910985)
(12.771172006287316, 93.56237442153315)(14.575617639049824, 93.4266607222778)(14.260487993713014, 89.23670557846617)(12.456042360949596, 89.3724192777222)(12.771172006287316, 93.56237442153315)
(28.402015982494277, 20.346148437021156)(28.37304558341566, 22.228693412570692)(32.63307871167149, 22.294450972466848)(32.66204911074988, 20.411905996916857)(28.402015982494277, 20.346148437021156)
(28.259403270717485, 23.733251835215697)(28.229522540425933, 25.674985584194474)(32.735523901614215, 25.744538680949972)(32.76540463190577, 23.802804931970968)(28.259403270717485, 23.733251835215697)
(36.92238696524987, 23.979218962857658)(36.89338376311434, 25.789085467252562)(41.225000981001585, 25.858701357846257)(41.25400418313711, 24.048834853451353)(36.92238696524987, 23.979218962857658)
(-0.9787988429511643, 2.981836508695551)(0.9958385846209694, 3.035706770266188)(1.1262953551326973, -1.7530053645855332)(-0.8483420724396638, -1.8068756261561703)(-0.9787988429511643, 2.981836508695551)
(-26.05643035491198, 6.5846555373034334)(-26.036467364609734, 4.573871159038163)(-30.387443014820974, 4.530453568222356)(-30.40740600512322, 6.541237946487627)(-26.05643035491198, 6.5846555373034334)
(33.433940997795844, 31.133562705723534)(33.40273433804168, 33.080912244415)(37.688999490565266, 33.14979988307505)(37.720206150319655, 31.20245034438335)(33.433940997795844, 31.133562705723534)
(-26.970464392234362, 3.238309402308687)(-26.951265323913503, 1.304480656835949)(-31.40570158974765, 1.260030442917241)(-31.424900658068736, 3.1938591883897516)(-26.970464392234362, 3.238309402308687)
(-27.748603014767014, 10.464944861266986)(-27.730025720923322, 8.593746586987663)(-32.04913002667399, 8.55064678299459)(-32.067707320517, 10.421845057273913)(-27.748603014767014, 10.464944861266986)
(3.2001201734453844, 0.02547662928486716)(5.295809396493269, 0.08264890815280523)(5.422692556588117, -4.574919016974036)(3.3270033335411426, -4.632091295842201)(3.2001201734453844, 0.02547662928486716)
(-27.677547761208416, 13.666691804765833)(-27.586880398839867, 11.733552986487666)(-31.854264850514937, 11.53330116060647)(-31.944932212883714, 13.466439978884637)(-27.677547761208416, 13.666691804765833)
(33.16545253618574, 27.48738290649908)(33.13581107313689, 29.33706001641076)(37.337129359728806, 29.404582465767135)(37.3667708227772, 27.55490535585568)(33.16545253618574, 27.48738290649908)
(26.501409967128666, 30.851669088770905)(26.470714123059906, 32.76713515440383)(30.861258602032876, 32.83769902314407)(30.891954446101636, 30.92223295751114)(26.501409967128666, 30.851669088770905)
