(4.591289907452392, 10.356168841639146)(6.498428760933621, 10.234593294579554)(6.2391800925481675, 6.167795158360832)(4.332041239066939, 6.289370705420652)(4.591289907452392, 10.356168841639146)
(-3.836114936545073, 25.27367903434879)(-5.807331234124604, 25.523740915395592)(-5.275335063454122, 29.7174209656514)(-3.304118765874591, 29.467359084604595)(-3.836114936545073, 25.27367903434879)
(26.372945998774412, 30.71428623235647)(26.410747299926015, 32.61452227984523)(31.193774001226302, 32.51937376764363)(31.1559727000747, 30.619137720154868)(26.372945998774412, 30.71428623235647)
(18.43116988434258, 97.91698308308901)(20.246627173052957, 97.72906579406049)(19.808590115658262, 93.49721691691138)(17.993132826947658, 93.68513420593945)(18.43116988434258, 97.91698308308901)
(7.71866947138642, 65.7256217494787)(10.112892503041166, 65.4777966399397)(9.635866528614315, 60.869278250521575)(7.241643496958886, 61.11710336006104)(7.71866947138642, 65.7256217494787)
(-26.363869054355064, 8.091055438918374)(-26.525516967790054, 6.036624427395964)(-31.353025203118023, 6.416145128438075)(-31.191377289682578, 8.470576139960258)(-26.363869054355064, 8.091055438918374)
(29.400824317407114, 15.39043398183253)(29.547767086661906, 17.193563399077675)(33.814913252143924, 16.846108372822073)(33.667970482888904, 15.04297895557761)(29.400824317407114, 15.39043398183253)
(28.04156675490958, 22.597145099609634)(28.217674954454424, 24.758180954778936)(33.05390484856116, 24.364391304165792)(32.87779664901586, 22.203355448996717)(28.04156675490958, 22.597145099609634)
(34.38119662466988, 18.756737064356003)(34.5380016952854, 20.680895864790273)(38.74510404600869, 20.33833162457131)(38.58829897539317, 18.414172824137268)(34.38119662466988, 18.756737064356003)
(-0.9374053680073757, 3.3094841096194614)(0.8805293888560755, 3.2776637348588338)(0.8052956256474317, -1.0110870473818068)(-1.0126391312164742, -0.9792666726211792)(-0.9374053680073757, 3.3094841096194614)
(29.280160676556306, 11.893671818776738)(29.430122711296235, 13.733871072618285)(33.75085156614932, 13.38205697079843)(33.60088953140894, 11.541857716956656)(29.280160676556306, 11.893671818776738)
(37.79171686193399, 11.804773803703938)(37.95000718292272, 13.747163065999985)(42.499513532070296, 13.376719442847161)(42.341223211081115, 11.43433018055157)(37.79171686193399, 11.804773803703938)
(35.05125594828246, 22.418882291975706)(35.212135855398856, 24.393027940443062)(39.77859768222288, 24.021199841868793)(39.61771777510671, 22.047054193401664)(35.05125594828246, 22.418882291975706)
(38.04212044417113, 14.94487578002122)(38.20174389423755, 16.90363112288469)(42.54957889101706, 16.54960989085407)(42.389955440951326, 14.590854547990602)(38.04212044417113, 14.94487578002122)
(-26.574590649795482, 4.790098260997638)(-26.72967145900634, 2.819135357096229)(-31.42931083756639, 3.1886043935035104)(-31.274230028355532, 5.159567297404919)(-26.574590649795482, 4.790098260997638)
(-25.345549853759394, 0.9646230489561276)(-25.525568887438794, -1.3232823049502258)(-30.21433980732877, -0.9546670601334881)(-30.034320773649824, 1.3332382937728653)(-25.345549853759394, 0.9646230489561276)
(27.66703227304083, 18.758475709074446)(27.821289470050715, 20.651369246675813)(32.51543625231943, 20.269147256430642)(32.361179055309776, 18.37625371882882)(27.66703227304083, 18.758475709074446)
