(-6.667121077962975, 45.48808637789148)(-4.9175712218434455, 46.62041531112391)(-2.4865269220367736, 42.86423362210826)(-4.236076778156303, 41.731904688876284)(-6.667121077962975, 45.48808637789148)
(-1.0646888310222948, 17.266322566470308)(1.063553682113934, 17.224317460498924)(0.9791381710226688, 12.947297433530139)(-1.1491043421140148, 12.989302539501068)(-1.0646888310222948, 17.266322566470308)
(38.57250590555759, 58.29958100840213)(38.63469086579994, 60.456136633240476)(42.92379409444311, 60.33245899159783)(42.86160913419985, 58.1759033667588)(38.57250590555759, 58.29958100840213)
(32.08507627411245, 54.99733536407871)(32.051555154504285, 57.11584217844711)(36.50472372588797, 57.18630463592103)(36.538244845496365, 55.06779782155331)(32.08507627411245, 54.99733536407871)
(28.649287630981462, 58.44785099120554)(28.73096188741829, 60.6061832109915)(33.124412369018955, 60.43992900879471)(33.042738112582356, 58.2815967890092)(28.649287630981462, 58.44785099120554)
(-15.018119220356084, 51.13554557272914)(-13.857062726298409, 52.9016969882332)(-10.215860779643435, 50.507994427271115)(-11.376917273701338, 48.74184301176638)(-15.018119220356084, 51.13554557272914)
(3.3972894806618115, 68.70698201961522)(5.528636469652156, 68.67056991332015)(5.4566265193384424, 64.45553798038463)(3.325279530348098, 64.49195008667971)(3.3972894806618115, 68.70698201961522)
(8.868970318288348, 15.13718669156583)(10.871398824587914, 15.16776713308036)(10.939525681711984, 10.706773308433867)(8.937097175412418, 10.676192866920019)(8.868970318288348, 15.13718669156583)
(5.107291273385499, 26.912701463661506)(7.3730007543663305, 26.980645365360942)(7.512032726614507, 22.344378536338127)(5.24632324563413, 22.276434634639145)(5.107291273385499, 26.912701463661506)
(5.605949045128227, 7.027375415941378)(7.521000860180948, 7.125791709844407)(7.754186954871784, 2.5882965840582983)(5.839135139819064, 2.4898802901557247)(5.605949045128227, 7.027375415941378)
(-2.426447436954277, 37.10150822614878)(-0.6854726267665683, 37.47556780526406)(0.2056434369544604, 33.32807177385075)(-1.5353313732330207, 32.954012194735924)(-2.426447436954277, 37.10150822614878)
(-0.8773246430712334, 2.92016181564577)(1.1189833003656986, 2.979986045129408)(1.2462415433299157, -1.2653900044190323)(-0.7500664001070163, -1.325214233902443)(-0.8773246430712334, 2.92016181564577)
