(-28.748218969379423, 34.88207363142237)(-30.31888914987053, 35.84836851993464)(-27.887401030621277, 39.80064636857787)(-26.316730850129943, 38.834351480065834)(-28.748218969379423, 34.88207363142237)
(-2.6974545017242235, 48.703967817197054)(-0.6777802181636616, 48.734694300716)(-0.6000974982769094, 43.62855218280333)(-2.6197717818370165, 43.59782569928416)(-2.6974545017242235, 48.703967817197054)
(-16.420780319636833, 66.68146291214453)(-18.560744675314254, 66.64890586416504)(-18.624739680364655, 70.85527708785617)(-16.484775324686098, 70.88783413583474)(-16.420780319636833, 66.68146291214453)
(-8.994146320368372, 17.940665459845377)(-11.070250066223934, 17.90907997615068)(-11.140773679632275, 22.544574540154827)(-9.06466993377694, 22.576160023849752)(-8.994146320368372, 17.940665459845377)
(-4.000522323534142, 25.049443674068016)(-6.089109526190896, 24.325501934752538)(-7.5141716764671855, 28.43683632593229)(-5.425584473810204, 29.160778065247996)(-4.000522323534142, 25.049443674068016)
(18.226960284868483, 18.3882259478803)(18.112900152662178, 20.335057557223763)(22.455399715130852, 20.589474052120067)(22.569459847337384, 18.642642442776378)(18.226960284868483, 18.3882259478803)
(-0.00048785388889882597, 33.261172849748846)(1.8095978556959835, 33.52976553948997)(2.4353058538879395, 29.3130271502514)(0.6252201443037393, 29.044434460510274)(-0.00048785388889882597, 33.261172849748846)
(-13.834963092314183, 23.55071906128296)(-15.662637587290874, 23.52291313728915)(-15.727476907685968, 27.784780938717404)(-13.89980241270996, 27.812586862710987)(-13.834963092314183, 23.55071906128296)
(19.180854543154965, 25.11391921865834)(19.06847276183771, 27.03210395113433)(23.582345456844223, 27.29656078134235)(23.694727238161477, 25.37837604886613)(19.180854543154965, 25.11391921865834)
(-2.1705174261819593, 85.76195191060401)(-0.2932344783109784, 85.75443430211863)(-0.310608573818854, 81.41580808939625)(-2.187891521689153, 81.42332569788141)(-2.1705174261819593, 85.76195191060401)
(-5.789015740534751, 32.41921912649332)(-7.928133162107542, 31.857834966804603)(-9.009586259466005, 35.97864087350695)(-6.870468837893441, 36.54002503319566)(-5.789015740534751, 32.41921912649332)
(27.543842298070786, 25.85472861916469)(27.420527601156664, 27.792675173400312)(31.682375185468572, 28.063979975619986)(31.80568988238292, 26.126033421384136)(27.543842298070786, 25.85472861916469)
(-34.54902903024595, 7.278296203387754)(-34.42647433703223, 5.33333305080032)(-38.66696143017589, 5.066018110682762)(-38.7895161233896, 7.010981263270196)(-34.54902903024595, 7.278296203387754)
(-33.51745346181474, 3.5928942350346915)(-33.403231176279405, 1.780169546969546)(-37.60288043691753, 1.5154287118482443)(-37.717102722452864, 3.32815339991339)(-33.51745346181474, 3.5928942350346915)
(27.127082565378487, 19.327444832623314)(26.996043809447883, 21.38677535992315)(31.666899243743046, 21.684117629533148)(31.79793799967365, 19.624787102233086)(27.127082565378487, 19.327444832623314)
(-34.82944100285886, 10.100563474077944)(-34.714339574389896, 8.273884431548368)(-39.08369249184693, 7.998446017468041)(-39.1987939203168, 9.8251250599983)(-34.82944100285886, 10.100563474077944)
(-34.660957320651505, 0.6398412017410919)(-34.53810031228522, -1.3099130861928643)(-38.74627458501527, -1.575191972071707)(-38.86913159338201, 0.37456231586270405)(-34.660957320651505, 0.6398412017410919)
