(-31.6737391623617, 20.595049229404594)(-33.30522466513639, 21.974251671817456)(-30.3567408376382, 25.46207077059512)(-28.725255334863277, 24.082868328182258)(-31.6737391623617, 20.595049229404594)
(-1.3304657110518292, 86.9743562543531)(0.59856493805637, 87.00181010429014)(0.6618963110518052, 82.55186374564687)(-1.2671343380566213, 82.52440989570982)(-1.3304657110518292, 86.9743562543531)
(10.09440257070446, 83.94379427894387)(11.62267203949591, 85.00533319332476)(14.115617429295526, 81.41630572105578)(12.587347960503848, 80.35476680667489)(10.09440257070446, 83.94379427894387)
(-3.206586023995442, 52.2501425561868)(-0.745258582219094, 52.32196083370059)(-0.5782099760047004, 46.59693744381275)(-3.0395374177808208, 46.52511916629919)(-3.206586023995442, 52.2501425561868)
(0.05211792241561852, 34.01826104106249)(2.1538288215936063, 34.08746666783668)(2.3129020775838853, 29.256558958937376)(0.21119117840657964, 29.187353332162957)(0.05211792241561852, 34.01826104106249)
(-3.53986360420231, 13.645227140906172)(-5.582407336215283, 13.119298878969857)(-6.661636395798041, 17.310692859093933)(-4.619092663784613, 17.836621121029793)(-3.53986360420231, 13.645227140906172)
(27.82285787356136, 63.91492927488389)(29.20200773166721, 65.40440199869317)(32.49684212643842, 62.353610725115686)(31.11769226833303, 60.86413800130663)(27.82285787356136, 63.91492927488389)
(-5.466206284417012, 20.96472185293601)(-7.505655876157789, 20.726116211031695)(-8.002185715582982, 24.970138147063608)(-5.962736123842433, 25.208743788967922)(-5.466206284417012, 20.96472185293601)
(-15.937942148619868, 62.52165983789814)(-17.838205192322448, 62.50523801415898)(-17.876357851380135, 66.92010016210179)(-15.976094807677555, 66.93652198584073)(-15.937942148619868, 62.52165983789814)
(18.919900563617375, 8.373491879163794)(18.81538334351876, 10.274735501908026)(23.038870492922115, 10.5069795458719)(23.143387713020502, 8.60573592312835)(18.919900563617375, 8.373491879163794)
(-34.77369369749999, 0.036147840085277494)(-34.67703395305489, -1.722176757229363)(-38.95259947666341, -1.957282635363299)(-39.049259221108514, -0.19895803804843126)(-34.77369369749999, 0.036147840085277494)
(-0.8008860928946433, 3.2412623808120316)(1.0390335137260536, 3.2204468737652405)(0.9868247266917933, -1.3820949470305095)(-0.8530948799282214, -1.3612794399839458)(-0.8008860928946433, 3.2412623808120316)
(-14.175316330641408, 3.8869815552573073)(-16.063391578278242, 3.994377746083501)(-15.802108478469563, 8.584622307014115)(-13.914033230832729, 8.477226116188149)(-14.175316330641408, 3.8869815552573073)
(27.255700524423446, 8.503189540554104)(27.137496714551162, 10.653397124431194)(31.768508756435722, 10.908051019536288)(31.886712566308006, 8.757843435659424)(27.255700524423446, 8.503189540554104)
(20.217253656558114, 14.897619023149218)(20.09406908707888, 17.138444593692384)(24.372659987599945, 17.373717734782076)(24.4958445570785, 15.132892164239365)(20.217253656558114, 14.897619023149218)
