(-25.810654474532157, 53.98744639908659)(-27.257552129048463, 55.17133973249338)(-24.332045525467947, 58.74675360091305)(-22.885147870952096, 57.562860267506494)(-25.810654474532157, 53.98744639908659)
(-2.9572274910808574, 45.43663955054171)(-0.7680469226129389, 45.678742058523994)(-0.242872508919163, 40.92992044945777)(-2.432053077387309, 40.68781794147594)(-2.9572274910808574, 45.43663955054171)
(-10.084628780295816, 53.07041370003867)(-12.100102473103789, 52.953238042477096)(-12.34575121970488, 57.1785062999611)(-10.33027752689577, 57.2956819575229)(-10.084628780295816, 53.07041370003867)
(-7.13333802343891, 47.48608416208049)(-8.969304892364107, 47.29357493831776)(-9.40892597656125, 51.48625583791954)(-7.572959107636052, 51.67876506168204)(-7.13333802343891, 47.48608416208049)
(0.37830349066666713, 33.793536916908124)(2.3246631883487225, 34.021714268897085)(2.8144025093331493, 29.84422308309172)(0.8680428116515486, 29.61604573110276)(0.37830349066666713, 33.793536916908124)
(17.693428700509003, 32.4013677285775)(17.57701436156708, 34.256135952483646)(21.975911299491145, 34.532232271422345)(22.092325638433294, 32.67746404751597)(17.693428700509003, 32.4013677285775)
(18.608367996844663, 38.93339588274944)(18.43661617933867, 41.000626320265155)(23.0122520031548, 41.38078411725064)(23.184003820661474, 39.313553679734696)(18.608367996844663, 38.93339588274944)
(-13.831628844308625, 51.62514941897393)(-15.648225425691635, 51.77340207157795)(-15.305751155691496, 55.96987058102559)(-13.489154574308486, 55.82161792842203)(-13.831628844308625, 51.62514941897393)
(27.023850891783468, 39.89493068122715)(26.944906177809344, 41.79201680212941)(31.192369108216553, 41.9687693187725)(31.271313822190677, 40.07168319787047)(27.023850891783468, 39.89493068122715)
(-4.933915514061482, 40.16763943253068)(-7.052435884177385, 39.60995525394969)(-8.142818485938506, 43.752080567468965)(-6.024298115822603, 44.309764746050405)(-4.933915514061482, 40.16763943253068)
(-5.5924655314449865, 78.16038155291017)(-3.768021591212346, 78.29207826293509)(-3.4638444685554077, 74.07819844709002)(-5.288288408787366, 73.94650173706441)(-5.5924655314449865, 78.16038155291017)
(25.784951145225932, 32.772737036743365)(25.655706508335697, 34.72477306098426)(30.96772885477344, 35.07648296325647)(31.096973491663675, 33.12444693901557)(25.784951145225932, 32.772737036743365)
(-35.474324621204914, 23.905982173960865)(-35.31480884431244, 22.16868105527601)(-39.6748174917625, 21.768047025622764)(-39.8343332686552, 23.50534814430739)(-35.474324621204914, 23.905982173960865)
(-34.75199498586608, 7.65482692962064)(-34.63997538143667, 5.949139838259498)(-39.10299652563026, 5.655703652242664)(-39.215016130059894, 7.361390743603579)(-34.75199498586608, 7.65482692962064)
(-34.076022028138595, 17.432999929926382)(-33.9098873778164, 15.62360293312372)(-38.37514744675377, 15.213299588097925)(-38.541282097075964, 17.02269658490013)(-34.076022028138595, 17.432999929926382)
(26.304977653960123, 33.44598556300434)(26.173130637078202, 35.37255961856886)(30.966368376948594, 35.70094306132569)(31.098215393830515, 33.77436900576117)(26.304977653960123, 33.44598556300434)
(-35.238000665470736, 14.21102728833057)(-35.07612415590688, 12.448011779093122)(-39.19341752727678, 12.069681193128645)(-39.355294036840405, 13.832696702365638)(-35.238000665470736, 14.21102728833057)
(-35.14702166389475, 21.07963256186349)(-34.96585085694528, 19.106475155766702)(-39.82953727613153, 18.659561118495503)(-40.010708083080544, 20.632718524592065)(-35.14702166389475, 21.07963256186349)
