(-10.00836401480069, 9.361404492042993)(-11.845612594519707, 9.268659324709915)(-12.058535985199796, 13.486595507957645)(-10.221287405480552, 13.579340675290723)(-10.00836401480069, 9.361404492042993)
(-3.663765285480167, 0.8673720419005804)(-5.545810823972033, 0.7723655031434191)(-5.775532714520068, 5.323073958100167)(-3.8934871760284295, 5.418080496857101)(-3.663765285480167, 0.8673720419005804)
(-7.409017911441424, 11.24244770085329)(-9.233784384977298, 11.1503326360762)(-9.447878088558582, 15.391452299147431)(-7.623111615022253, 15.48356736392384)(-7.409017911441424, 11.24244770085329)
(-4.316581101992824, 15.986520237039258)(-6.428974332291546, 15.879885639097665)(-6.654744898007266, 20.352319762961088)(-4.542351667708772, 20.45895436090268)(-4.316581101992824, 15.986520237039258)
(-5.115069100476148, 25.556969924386294)(-7.0367701444974955, 25.4599615571683)(-7.268788899524225, 30.056170075614318)(-5.347087855502878, 30.153178442832314)(-5.115069100476148, 25.556969924386294)
(-8.050424431223519, 24.558357892939284)(-9.894284059927031, 24.42285352451586)(-10.200465568776735, 28.589182107061106)(-8.356605940072996, 28.72468647548476)(-8.050424431223519, 24.558357892939284)
(-5.376343376214436, 41.30759332885577)(-7.320943262496485, 41.20942901737385)(-7.535116623785598, 45.4521266711447)(-5.590516737503776, 45.55029098262685)(-5.376343376214436, 41.30759332885577)
(-5.245949759588484, 32.774630623327994)(-7.110128048950855, 32.68052603166052)(-7.331608240411924, 37.067969376672636)(-5.467429951049553, 37.16207396834011)(-5.245949759588484, 32.774630623327994)
(-6.744346628472158, 3.3306409619847273)(-8.593251366078448, 3.237307386351631)(-8.82431337152775, 7.814563038015876)(-6.97540863392237, 7.9078966136492)(-6.744346628472158, 3.3306409619847273)
(-4.0174049336612825, 6.930070408478059)(-6.013752927622363, 6.829293828325035)(-6.230697066339417, 11.126879591522766)(-4.234349072378109, 11.227656171675562)(-4.0174049336612825, 6.930070408478059)
