(-4.927425384521484, 8.017254829406738)(-2.9829282760620117, 8.150202751159668)(-3.278920888900757, 12.479382514953613)(-5.223418235778809, 12.346434593200684)(-4.927425384521484, 8.017254829406738)
(-9.054179191589355, 2.2510311603546143)(-7.136556148529053, 2.3414394855499268)(-7.354790687561035, 6.970349311828613)(-9.27241325378418, 6.879940986633301)(-9.054179191589355, 2.2510311603546143)
(-1.0255223512649536, 26.557043075561523)(0.9374224543571472, 26.67601203918457)(0.6694521903991699, 31.097414016723633)(-1.2934926748275757, 30.978445053100586)(-1.0255223512649536, 26.557043075561523)
(-5.175845146179199, 47.07863235473633)(-3.2082629203796387, 47.211666107177734)(-3.4917938709259033, 51.405155181884766)(-5.459375858306885, 51.27212142944336)(-5.175845146179199, 47.07863235473633)
(-6.043672561645508, 32.20899200439453)(-4.061251640319824, 32.28187942504883)(-4.217917442321777, 36.542938232421875)(-6.200338363647461, 36.47005081176758)(-6.043672561645508, 32.20899200439453)
(-6.915607929229736, 27.554176330566406)(-8.771370887756348, 27.568572998046875)(-8.804574012756348, 23.2890625)(-6.94881010055542, 23.27466583251953)(-6.915607929229736, 27.554176330566406)
(-35.88160010473678, 14.214320079856623)(-35.67581774324509, 12.30632949585869)(-31.431991530036328, 12.764063773455563)(-31.63777389152802, 14.672054357453497)(-35.88160010473678, 14.214320079856623)
(-43.68840341702793, 14.000979547546804)(-43.417578955303725, 12.130997083663829)(-39.212976227906, 12.739947984905822)(-39.483800689630215, 14.609930448788795)(-43.68840341702793, 14.000979547546804)
(-36.557187911440494, 11.386306405477098)(-36.442624027576436, 9.402656290718783)(-32.208303623913, 9.647252845909536)(-32.322867512547724, 11.63090307977536)(-36.557187911440494, 11.386306405477098)
(-42.47837290104405, 5.247465960420713)(-42.33292836718831, 3.3329255867449863)(-38.133399454037374, 3.651995551507145)(-38.278843044525075, 5.566536201577591)(-42.47837290104405, 5.247465960420713)
(-35.66097875173687, 2.707396301346301)(-35.582030513801094, 0.8816810772218595)(-31.347498105333877, 1.064843145398271)(-31.426446343269657, 2.8905583695227124)(-35.66097875173687, 2.707396301346301)
(-43.54070939421601, 8.048190539760098)(-43.40421461281199, 6.036045583183589)(-39.22008280837406, 6.319922550607129)(-39.356577592163404, 8.332067566737392)(-43.54070939421601, 8.048190539760098)
(-16.77125544901542, 10.91728227000191)(-18.48076739041003, 10.030881396616287)(-16.266954488206906, 5.7616480387247355)(-14.557442546812297, 6.648048912110358)(-16.77125544901542, 10.91728227000191)
(-20.13702884405466, 13.599831675554325)(-18.463256737555355, 14.43680911861272)(-20.304275107855297, 18.118168669682312)(-21.978047214354604, 17.281191226623918)(-20.13702884405466, 13.599831675554325)
(-0.3010324007283529, -1.5459589335559016)(1.6066875181365603, -1.3668473006720419)(1.1612806034417815, 3.3775572672380445)(-0.7464393154231317, 3.1984456343541856)(-0.3010324007283529, -1.5459589335559016)
(-17.4813942862191, -3.9595762758806874)(-15.647113404843388, -3.3569554424214463)(-17.039819978109392, 0.8819923530224392)(-18.874100859485104, 0.27937151956319806)(-17.4813942862191, -3.9595762758806874)
