(-6.31401252746582, 0.4231841564178467)(-4.40914249420166, 0.5243985652923584)(-4.65727424621582, 5.194260597229004)(-6.5621442794799805, 5.093046188354492)(-6.31401252746582, 0.4231841564178467)
(7.592832088470459, 36.30451583862305)(5.6664533615112305, 36.478694915771484)(5.285611629486084, 32.2667121887207)(7.2119903564453125, 32.092533111572266)(7.592832088470459, 36.30451583862305)
(-6.734975337982178, 13.081015586853027)(-4.821835994720459, 13.023746490478516)(-4.690088748931885, 17.424964904785156)(-6.6032280921936035, 17.482234954833984)(-6.734975337982178, 13.081015586853027)
(-4.117002487182617, 41.73169708251953)(-6.0533976554870605, 41.76471710205078)(-6.127771377563477, 37.403587341308594)(-4.191376209259033, 37.370567321777344)(-4.117002487182617, 41.73169708251953)
(-9.777892112731934, 27.89969253540039)(-11.696288108825684, 28.018911361694336)(-11.961138725280762, 23.757095336914062)(-10.042742729187012, 23.637876510620117)(-9.777892112731934, 27.89969253540039)
(-6.029539585113525, 19.314144134521484)(-4.108516216278076, 19.12453269958496)(-3.681262493133545, 23.45321273803711)(-5.602285861968994, 23.642824172973633)(-6.029539585113525, 19.314144134521484)
(17.88160329441958, 83.34239818877062)(17.95864142488179, 81.36039980993218)(22.273411092702975, 81.52782659067663)(22.196372955162524, 83.50982508851256)(17.88160329441958, 83.34239818877062)
(25.837247251572087, 87.06212428356643)(25.940122315844924, 84.91956948535567)(30.19780956558386, 85.12372987980036)(30.094934501311023, 87.26628467801115)(25.837247251572087, 87.06212428356643)
(29.645964205634534, 82.24339522331726)(29.43752454420181, 84.35867619810617)(25.197333460851794, 83.94109262679471)(25.405773115206273, 81.8258117710033)(29.645964205634534, 82.24339522331726)
(23.172143620250065, 84.46176895731978)(23.01632006526133, 86.42467408944188)(18.788203092292985, 86.0892814122355)(18.944026650820838, 84.12637622061466)(23.172143620250065, 84.46176895731978)
(23.016534237788214, 90.67482854635871)(22.808346392737352, 92.65500305772686)(18.499094442402345, 92.20219019634389)(18.70728228745321, 90.22201568497574)(23.016534237788214, 90.67482854635871)
(22.122984412299072, 78.40996600289343)(21.929335150292648, 80.2714716798161)(17.720660921482995, 79.83389239261521)(17.91431018348942, 77.97238671569254)(22.122984412299072, 78.40996600289343)
(4.7489633068201655, 81.07105914055701)(3.1067428016943595, 79.88531441987068)(5.873200791097368, 76.05359785244552)(7.515421267910199, 77.23934304912179)(4.7489633068201655, 81.07105914055701)
(-5.840064932355112, 70.07777895964824)(-7.722741707829194, 70.13474628380989)(-7.857357655468633, 65.6752182355338)(-5.974680936620487, 65.61825186335204)(-5.840064932355112, 70.07777895964824)
(30.43016998475833, 88.11412977812107)(30.298406945940123, 90.1263115749582)(26.051673734762993, 89.84848772249144)(26.1834367735812, 87.83630592565432)(30.43016998475833, 88.11412977812107)
(30.06337987623496, 91.0348150891756)(29.86998476004228, 92.91239616466795)(25.63754739710765, 92.47668649069526)(25.830942513300332, 90.5991054152029)(30.06337987623496, 91.0348150891756)
