(0.717616081237793, 24.365285873413086)(2.6311678886413574, 24.797914505004883)(1.7128400802612305, 28.859739303588867)(-0.20071160793304443, 28.42711067199707)(0.717616081237793, 24.365285873413086)
(-25.412952423095703, 48.23064041137695)(-25.65342903137207, 46.350067138671875)(-21.517749786376953, 45.82121658325195)(-21.277273178100586, 47.70178985595703)(-25.412952423095703, 48.23064041137695)
(2.2702138423919678, 4.607266426086426)(4.181981563568115, 4.72990608215332)(3.900782346725464, 9.113380432128906)(1.9890146255493164, 8.990740776062012)(2.2702138423919678, 4.607266426086426)
(-24.34417152404785, 46.003299713134766)(-24.55840301513672, 44.10563278198242)(-20.3846492767334, 43.63444900512695)(-20.17041778564453, 45.5321159362793)(-24.34417152404785, 46.003299713134766)
(26.888045329240168, 52.5898578614701)(26.602190713069927, 54.432228561484706)(22.42474817290733, 53.78420540739447)(22.71060278907757, 51.94183470737987)(26.888045329240168, 52.5898578614701)
(-14.738335506539872, 79.0634920005999)(-12.79690820237844, 79.02955731369208)(-12.722611209249372, 83.28478642574973)(-14.664038513410805, 83.31872111265754)(-14.738335506539872, 79.0634920005999)
(1.971503242656865, 61.88272044662842)(3.9522398201554507, 62.06068116723804)(3.5756169761338645, 66.25136831643174)(1.5948802794269583, 66.07340759544314)(1.971503242656865, 61.88272044662842)
(-8.816982983428439, 79.5703448055431)(-10.715536523947012, 79.45134416472725)(-10.449379864601582, 75.2069016653819)(-8.550826324083008, 75.32590230619776)(-8.816982983428439, 79.5703448055431)
(12.306838909215628, 92.3429221119989)(10.34595186633755, 92.37088995993614)(10.285374012070243, 88.11788640340001)(12.246261054948324, 88.08991855546279)(12.306838909215628, 92.3429221119989)
(3.2676658006778956, 38.27295336788026)(5.260067422010982, 38.293385967534036)(5.216233021409838, 42.557997242501735)(3.223831400076752, 42.53756464284796)(3.2676658006778956, 38.27295336788026)
