(29.78859519958496, 41.706748962402344)(29.73516273498535, 43.52094268798828)(25.097654342651367, 43.38435363769531)(25.151086807250977, 41.570159912109375)(29.78859519958496, 41.706748962402344)
(1.9877804517745972, 2.514289617538452)(3.914213180541992, 2.5649960041046143)(3.8002095222473145, 6.896207809448242)(1.8737770318984985, 6.845501899719238)(1.9877804517745972, 2.514289617538452)
(-15.255061149597168, 64.09608459472656)(-17.163043975830078, 63.96839904785156)(-16.874055862426758, 59.65006637573242)(-14.966073036193848, 59.777748107910156)(-15.255061149597168, 64.09608459472656)
(2.8672916889190674, 50.40818786621094)(4.760128021240234, 50.67938232421875)(4.1540446281433105, 54.90960693359375)(2.2612087726593018, 54.63841247558594)(2.8672916889190674, 50.40818786621094)
(-5.221784591674805, 24.99298095703125)(-3.265814781188965, 25.47342300415039)(-4.285826683044434, 29.626068115234375)(-6.241796493530273, 29.145626068115234)(-5.221784591674805, 24.99298095703125)
(-9.313558578491211, 22.849735260009766)(-7.362887382507324, 22.893781661987305)(-7.4618306159973145, 27.27550506591797)(-9.412501335144043, 27.23145866394043)(-9.313558578491211, 22.849735260009766)
(-38.20528030395508, 36.86753463745117)(-38.30851745605469, 34.99699020385742)(-33.91603469848633, 34.754573822021484)(-33.81279754638672, 36.625118255615234)(-38.20528030395508, 36.86753463745117)
(4.6274694817934225, 71.33464656148554)(2.6183621706612166, 71.44202204379931)(2.4055011451684014, 67.45962323897601)(4.414608217892588, 67.35224775863996)(4.6274694817934225, 71.33464656148554)
(-7.120851984014411, 67.15371198243768)(-9.0145089768857, 67.16606380122819)(-9.042006503200367, 62.95496976846668)(-7.148349510329076, 62.942617949676176)(-7.120851984014411, 67.15371198243768)
(-11.046317976583499, 66.34660838093237)(-13.019561270501413, 66.30219204069678)(-12.922543154117886, 61.990124313070694)(-10.949299860199975, 62.034540653306294)(-11.046317976583499, 66.34660838093237)
(9.00204464128095, 76.6906193228374)(6.972445573812681, 76.72759817060395)(6.897529376230434, 72.61742575642374)(8.927128443698702, 72.5804469086572)(9.00204464128095, 76.6906193228374)
(0.21789318278640923, -2.3086337129648644)(2.1438442886754645, -2.0943362202546947)(1.6626587269927322, 2.230583233029524)(-0.2632926173043417, 2.0162857422970717)(0.21789318278640923, -2.3086337129648644)
(5.096692240932835, 0.7069755151889403)(3.201440799762621, 0.7406358650189802)(3.1253669748705177, -3.5409470402748653)(5.0206184160407314, -3.574607390104905)(5.096692240932835, 0.7069755151889403)
