(1.5129947662353516, 36.84018325805664)(3.4634618759155273, 37.2147102355957)(2.650350570678711, 41.449275970458984)(0.6998835802078247, 41.07474899291992)(1.5129947662353516, 36.84018325805664)
(5.565851211547852, 31.00681495666504)(7.499530792236328, 31.36069107055664)(6.72922420501709, 35.569854736328125)(4.795544624328613, 35.21597671508789)(5.565851211547852, 31.00681495666504)
(-3.530989170074463, 8.355415344238281)(-5.440743446350098, 8.743907928466797)(-6.347213268280029, 4.287879467010498)(-4.4374589920043945, 3.8993868827819824)(-3.530989170074463, 8.355415344238281)
(26.6604061126709, 23.276611328125)(26.722728729248047, 25.19738006591797)(22.33172035217285, 25.339855194091797)(22.269397735595703, 23.419086456298828)(26.6604061126709, 23.276611328125)
(-2.399766445159912, 64.57869720458984)(-0.47527241706848145, 64.61957550048828)(-0.5647482872009277, 68.83179473876953)(-2.4892423152923584, 68.7909164428711)(-2.399766445159912, 64.57869720458984)
(25.207443865068097, 33.3160861884333)(25.014920074221866, 35.3009924564758)(20.640552719086266, 34.87678372992717)(20.833076509932496, 32.891877461884675)(25.207443865068097, 33.3160861884333)
(31.634370125761237, 33.804865732374815)(31.41612888996552, 35.82642197915398)(27.18215646484068, 35.36940580822554)(27.400397700636397, 33.347849561446374)(31.634370125761237, 33.804865732374815)
(18.98554700017193, 38.015536508243564)(19.053946666603508, 36.071702061726185)(23.331463403120214, 36.222146422228235)(23.263063736688636, 38.16598086874561)(18.98554700017193, 38.015536508243564)
(26.15657292102361, 42.355481393109585)(25.972994485252745, 44.326192611168146)(21.595813963115255, 43.91852208032426)(21.77939240850227, 41.94781062404276)(26.15657292102361, 42.355481393109585)
(31.104171899488918, 39.57585036092344)(30.973372166565547, 41.60191264574059)(26.773788962422515, 41.33086678015221)(26.904588695345886, 39.30480449533506)(31.104171899488918, 39.57585036092344)
(24.694851798658426, 39.614504034823355)(24.465178827186094, 41.56485273033724)(20.262586582074913, 41.07002706479506)(20.492259553547246, 39.119678369281175)(24.694851798658426, 39.614504034823355)
(-27.808064665747395, 21.491416662950197)(-27.798999824791522, 23.439313487998962)(-32.09784105258089, 23.459402953032203)(-32.10690589353675, 21.511506127983438)(-27.808064665747395, 21.491416662950197)
(-28.32702991329792, 16.886244822391784)(-28.15527902637065, 14.845690506485269)(-23.808007114824235, 15.211516434001414)(-23.97975800175152, 17.25207074990793)(-28.32702991329792, 16.886244822391784)
(-39.520305183247956, 22.763296804086153)(-39.367843557008214, 20.89322003827045)(-35.09007285562113, 21.241898301432997)(-35.24253448186087, 23.1119750672487)(-39.520305183247956, 22.763296804086153)
(10.260622831728952, 37.91280103640542)(8.606178679250647, 36.847973299250775)(11.184199639476926, 32.84249224493864)(12.838643782339076, 33.90732022031624)(10.260622831728952, 37.91280103640542)
(28.1643004315218, 44.34506607435607)(28.224114945774815, 42.397329209235075)(32.51453715198239, 42.52901166103229)(32.45472263772937, 44.47674852615329)(28.1643004315218, 44.34506607435607)
