(10.485383987426758, 18.460662841796875)(8.631574630737305, 18.71280860900879)(8.056915283203125, 14.487857818603516)(9.910724639892578, 14.235712051391602)(10.485383987426758, 18.460662841796875)
(4.802546977996826, 2.0560617446899414)(6.689624309539795, 1.932647705078125)(6.99987268447876, 6.676535606384277)(5.112795352935791, 6.799949645996094)(4.802546977996826, 2.0560617446899414)
(5.310144424438477, 23.25235939025879)(7.243624210357666, 23.379777908325195)(6.962277412414551, 27.648958206176758)(5.028797626495361, 27.52153968811035)(5.310144424438477, 23.25235939025879)
(-32.66497802734375, 32.700408935546875)(-33.00119400024414, 30.755126953125)(-28.881486892700195, 30.0430850982666)(-28.545269012451172, 31.988365173339844)(-32.66497802734375, 32.700408935546875)
(-37.18207931518555, 29.23896026611328)(-37.40159606933594, 27.272632598876953)(-33.17299270629883, 26.800559997558594)(-32.95347595214844, 28.766887664794922)(-37.18207931518555, 29.23896026611328)
(-12.375480651855469, 65.50071716308594)(-14.301528930664062, 65.48605346679688)(-14.268997192382812, 61.212764739990234)(-12.342948913574219, 61.22742462158203)(-12.375480651855469, 65.50071716308594)
(-34.6060791015625, 34.858192443847656)(-34.882957458496094, 32.90607452392578)(-30.744598388671875, 32.319114685058594)(-30.467721939086914, 34.27123260498047)(-34.6060791015625, 34.858192443847656)
(-0.5446879269504459, -1.8740413976766401)(1.4838336084309063, -1.8988692086359595)(1.538436358369947, 2.57338552984557)(-0.4900851770114052, 2.5982133408048895)(-0.5446879269504459, -1.8740413976766401)
(-16.33646009846081, 55.629113791039416)(-14.324671440309466, 55.588178877084346)(-14.238842577653958, 59.812364815500715)(-16.2506312358053, 59.853299729455784)(-16.33646009846081, 55.629113791039416)
(-11.090240168468785, 58.88700559366096)(-13.055793807395148, 58.84165807069124)(-12.958409117055833, 54.62612583975289)(-10.99285547812947, 54.67147336272261)(-11.090240168468785, 58.88700559366096)
(-9.21604420898278, 55.5418737156985)(-7.240579259266459, 55.499580770546416)(-7.147550207554133, 59.85085310250916)(-9.12301611077116, 59.89314606489269)(-9.21604420898278, 55.5418737156985)
(-7.180542679231257, 66.44156606437828)(-9.064556305078982, 66.35580627715241)(-8.870459343145361, 62.09452090780458)(-6.9864457172976415, 62.18028069503043)(-7.180542679231257, 66.44156606437828)
(9.875291969580983, 50.90365058728685)(11.818837534345526, 50.987151791825454)(11.636249099221006, 55.23407451322612)(9.692703534456463, 55.15057330868753)(9.875291969580983, 50.90365058728685)
(-7.507090398533217, 75.01415368797815)(-9.388306444728771, 75.02588465200405)(-9.414567682879781, 70.7946246095498)(-7.533350683183524, 70.78289362829246)(-7.507090398533217, 75.01415368797815)
(7.809838988002196, 37.85758140475328)(9.835940132379775, 37.87814187226011)(9.792709384879641, 42.12559837302056)(7.766608002126886, 42.10503790982159)(7.809838988002196, 37.85758140475328)
(4.705775624955223, 40.1404213598485)(6.626053374657451, 40.34558103355723)(6.181703870528352, 44.503603589046556)(4.261426180419919, 44.298443914260865)(4.705775624955223, 40.1404213598485)
