(4.4666290283203125, 6.308950901031494)(6.463488578796387, 6.091773509979248)(6.954204559326172, 10.603713989257812)(4.957345008850098, 10.820890426635742)(4.4666290283203125, 6.308950901031494)
(-5.902000427246094, 26.28860092163086)(-3.900200843811035, 26.23740005493164)(-3.7874345779418945, 30.646320343017578)(-5.789234161376953, 30.697521209716797)(-5.902000427246094, 26.28860092163086)
(9.491090774536133, 65.39348602294922)(7.576691150665283, 65.46521759033203)(7.421755313873291, 61.33047103881836)(9.33615493774414, 61.25873565673828)(9.491090774536133, 65.39348602294922)
(8.982011795043945, 61.34148406982422)(7.058650016784668, 61.4391975402832)(6.848559856414795, 57.30382537841797)(8.77192211151123, 57.206111907958984)(8.982011795043945, 61.34148406982422)
(13.044391632080078, 18.936208724975586)(14.915298461914062, 19.011306762695312)(14.751436233520508, 23.093629837036133)(12.880529403686523, 23.018531799316406)(13.044391632080078, 18.936208724975586)
(-31.19894132874289, 8.26776731114034)(-31.276473978212927, 6.288762798561214)(-26.992369460475217, 6.12112618311466)(-26.914836811005177, 8.100130695693785)(-31.19894132874289, 8.26776731114034)
(-31.284393398255805, 5.213869455872592)(-31.344879334965444, 3.2661741403159823)(-27.09249774403017, 3.1343065361795905)(-27.03201180732053, 5.082001851736201)(-31.284393398255805, 5.213869455872592)
(33.62645540149846, 15.116333425805152)(33.71103815462044, 17.034895680532244)(29.544595300672626, 17.218381305879284)(29.460012547550647, 15.299819051152195)(33.62645540149846, 15.116333425805152)
(-30.025753378619395, 1.171133517592847)(-30.11273889980403, -0.8164304022502309)(-25.85666228450009, -1.0024819735834294)(-25.76967676331546, 0.9850819462596485)(-30.025753378619395, 1.171133517592847)
(27.841686822541305, 20.943378839657953)(27.534775402563227, 18.97532594445571)(31.736759550620405, 18.320469112369647)(32.0436709705985, 20.28852200757189)(27.841686822541305, 20.943378839657953)
(33.55228539065148, 11.698839881458412)(33.64434149688731, 13.61144763860261)(29.42044555024789, 13.814515580624251)(29.32838944401206, 11.90190782348005)(33.55228539065148, 11.698839881458412)
(-0.8624647398039258, -1.2448909793524239)(1.0528828102401775, -1.206446162832977)(0.9651880193515581, 3.167149398028832)(-0.9501595306925452, 3.1287045815093855)(-0.8624647398039258, -1.2448909793524239)
(34.58147713890412, 20.750172269768825)(34.41127576351275, 18.86973737626876)(38.55907173935677, 18.4946102361004)(38.72927311474814, 20.375045129600473)(34.58147713890412, 20.750172269768825)
(38.663519921417176, 17.337524752084665)(38.39811702453258, 15.517373894264546)(42.63822365346414, 14.899514551062728)(42.90362655034873, 16.719665408882847)(38.663519921417176, 17.337524752084665)
(39.38649148950691, 22.23559436963788)(39.48067991430375, 24.10449242050518)(35.18502402083239, 24.32076258214036)(35.09083559603556, 22.45186453127306)(39.38649148950691, 22.23559436963788)
