(-5.83679723739624, 58.74147415161133)(-7.775770664215088, 58.75656509399414)(-7.808486461639404, 54.5529899597168)(-5.869513034820557, 54.537899017333984)(-5.83679723739624, 58.74147415161133)
(5.828435897827148, 57.31833267211914)(3.9088029861450195, 57.3374137878418)(3.8667075634002686, 53.10233688354492)(5.786340713500977, 53.083255767822266)(5.828435897827148, 57.31833267211914)
(5.549692153930664, 52.86033248901367)(3.621816396713257, 52.93783187866211)(3.453439950942993, 48.749324798583984)(5.381315231323242, 48.67182540893555)(5.549692153930664, 52.86033248901367)
(-26.96454429626465, 26.054515838623047)(-27.302751541137695, 24.098731994628906)(-23.019533157348633, 23.358051300048828)(-22.681325912475586, 25.31383514404297)(-26.96454429626465, 26.054515838623047)
(-31.30944906755449, 3.0432011467438462)(-31.26162032623477, 1.16602789723966)(-27.08995010403508, 1.2724861152140328)(-27.1377788453548, 3.14965936471822)(-31.30944906755449, 3.0432011467438462)
(-31.876348141478857, 13.449400234558276)(-31.831190300814267, 11.503911092233444)(-27.512823477508263, 11.604323229863832)(-27.55798131044346, 13.54981261039714)(-31.876348141478857, 13.449400234558276)
(32.739752675428065, 23.851989427678078)(32.76336592351092, 25.8030111371464)(28.57989694234081, 25.85336273545847)(28.556283694257957, 23.902341025990147)(32.739752675428065, 23.851989427678078)
(-31.860206675014354, 10.366081359474308)(-31.792951115854745, 8.426151897422354)(-27.55291882381082, 8.573292923429255)(-27.62017438297043, 10.513222385481209)(-31.860206675014354, 10.366081359474308)
(-0.8265304632531425, -1.6349021033345839)(1.1411635051246805, -1.4737061006269894)(0.7809453873536967, 2.923358987976738)(-1.1867485964829072, 2.7621625088521897)(-0.8265304632531425, -1.6349021033345839)
(26.524262224680484, 29.4230794536929)(26.34431294623643, 27.4286306657204)(30.598973898994714, 27.04526315421984)(30.778923177438784, 29.03971194219233)(26.524262224680484, 29.4230794536929)
(-30.427926460313717, 6.4150356934960495)(-30.413069442838196, 4.444722975765359)(-26.07651512446706, 4.477649006470513)(-26.091372141942585, 6.447961724201203)(-30.427926460313717, 6.4150356934960495)
(32.495710968543335, 20.604367127549136)(32.44055075865565, 22.488903774206328)(28.191370615496126, 22.364369625959867)(28.246530825383815, 20.479832979302675)(32.495710968543335, 20.604367127549136)
(33.341138363941866, 29.655950459577024)(33.27957030614536, 27.76651207840546)(37.454041088205955, 27.630812638393948)(37.51560914600245, 29.520251019565514)(33.341138363941866, 29.655950459577024)
(37.18992422492647, 26.08288278515332)(37.11071560219442, 24.231794860378077)(41.374579860000935, 24.04972241153648)(41.45378848273299, 25.90081033631172)(37.18992422492647, 26.08288278515332)
(33.72079959448489, 33.11766528804278)(33.65786112467795, 31.230690187794163)(37.82896486304256, 31.091910106392007)(37.891903332849495, 32.978885206640626)(33.72079959448489, 33.11766528804278)
