(0.8862125277519226, 31.137767791748047)(2.8570961952209473, 31.2377986907959)(2.6395680904388428, 35.52370071411133)(0.6686846017837524, 35.42367172241211)(0.8862125277519226, 31.137767791748047)
(-6.923162460327148, 38.70572280883789)(-4.925602436065674, 39.20051193237305)(-5.962660789489746, 43.38730239868164)(-7.960220813751221, 42.892513275146484)(-6.923162460327148, 38.70572280883789)
(-11.341519355773926, 50.67274856567383)(-9.372407913208008, 50.86721420288086)(-9.791050910949707, 55.1063346862793)(-11.760162353515625, 54.911869049072266)(-11.341519355773926, 50.67274856567383)
(-13.62578296661377, 45.12643814086914)(-11.689043998718262, 45.28936767578125)(-12.049107551574707, 49.569393157958984)(-13.985846519470215, 49.406463623046875)(-13.62578296661377, 45.12643814086914)
(-7.627256547656238, 52.000690807396126)(-9.512581813195972, 51.612307998578395)(-8.631590611003254, 47.33464520042861)(-6.74626534546352, 47.72302800924634)(-7.627256547656238, 52.000690807396126)
(-39.32254326114632, 14.061758941763049)(-39.298726883151986, 12.091005886538493)(-35.0095279280868, 12.14318455632435)(-35.03334430608112, 14.113937611548906)(-39.32254326114632, 14.061758941763049)
(18.0548540387108, 35.14769340885863)(17.99748747308922, 33.161923520528255)(22.294688699078232, 33.03815937778953)(22.352055264699814, 35.023929266119914)(18.0548540387108, 35.14769340885863)
(26.721664677348073, 35.584613007111095)(26.695822064732155, 33.43461371083493)(31.09057775437281, 33.38216392668092)(31.116420366988727, 35.53216322295708)(26.721664677348073, 35.584613007111095)
(-39.62800810235291, 23.6895278343304)(-39.54257520979186, 21.788549666110143)(-35.246118871035605, 21.98196538138089)(-35.33155176359665, 23.882943549601144)(-39.62800810235291, 23.6895278343304)
(31.79313124668606, 40.44985138862921)(31.7130797658176, 42.44398984173978)(27.463955216859528, 42.2730837894574)(27.544007651379975, 40.27894533388952)(31.79313124668606, 40.44985138862921)
(-38.247520618785046, 17.09752254175323)(-38.19649536965693, 15.242557123443753)(-33.927736221835474, 15.360311750545058)(-33.978761470963576, 17.215277168854534)(-38.247520618785046, 17.09752254175323)
(-12.909927416739166, 55.45968269819496)(-10.913824284885337, 55.93012282465287)(-11.920608701676443, 60.2027925249926)(-13.916711833530272, 59.7323523985347)(-12.909927416739166, 55.45968269819496)
