(-10.749943733215332, 17.30650520324707)(-8.685548782348633, 17.342966079711914)(-8.76489543914795, 21.835519790649414)(-10.829290390014648, 21.79905891418457)(-10.749943733215332, 17.30650520324707)
(0.5936633348464966, 29.603370666503906)(2.5564627647399902, 29.735383987426758)(2.268868923187256, 34.0113639831543)(0.3060694932937622, 33.87934875488281)(0.5936633348464966, 29.603370666503906)
(-6.231330394744873, 24.288297653198242)(-4.235199928283691, 24.67644500732422)(-5.043392658233643, 28.8327579498291)(-7.039523124694824, 28.444610595703125)(-6.231330394744873, 24.288297653198242)
(-13.9993896484375, 19.954614639282227)(-12.058830261230469, 20.216501235961914)(-12.610248565673828, 24.30246925354004)(-14.55080795288086, 24.04058265686035)(-13.9993896484375, 19.954614639282227)
(-12.911169052124023, 57.933650970458984)(-14.838482856750488, 58.03908920288086)(-15.07335090637207, 53.7459602355957)(-13.146037101745605, 53.64052200317383)(-12.911169052124023, 57.933650970458984)
(-38.76121002424419, 0.41682255436533566)(-38.77192272587915, -1.5522914111408639)(-34.46172104596242, -1.5755909168967293)(-34.45100834432745, 0.39352304860946674)(-38.76121002424419, 0.41682255436533566)
(18.78490228484306, 21.130847058357944)(18.708601489961893, 19.15969681500737)(23.03312453680465, 18.992473363450006)(23.10942533387135, 20.963623845192995)(18.78490228484306, 21.130847058357944)
(31.64775390421567, 19.299119699848124)(31.636608101438043, 21.43411054359309)(27.275649731534482, 21.411191181853766)(27.286795536497642, 19.276200576501214)(31.64775390421567, 19.299119699848124)
(32.490703920008485, 26.29050211367139)(32.47906670912615, 28.28690046672584)(28.221042480627812, 28.261932342985396)(28.232680647325193, 26.265534219615635)(32.490703920008485, 26.29050211367139)
(-6.74800905052745, 36.12901082522488)(-8.614563764089333, 35.95834395683215)(-8.207948028346578, 31.510084764623585)(-6.341393314784703, 31.680751633016314)(-6.74800905052745, 36.12901082522488)
(-38.90652002911422, 10.113840488613192)(-38.83275172043115, 8.200226156182191)(-34.49823471409299, 8.367457406696374)(-34.57200303151819, 10.28107078555772)(-38.90652002911422, 10.113840488613192)
(-37.85898527737842, 3.3184777608979736)(-37.770320519341254, 1.46098509682842)(-33.43372101646548, 1.6681190061676467)(-33.522385774502666, 3.525611670237197)(-37.85898527737842, 3.3184777608979736)
(-38.60358233687663, 6.968172931992452)(-38.519288096165624, 5.040081451692476)(-34.282318045270316, 5.225451121563939)(-34.36661228598132, 7.153542601863915)(-38.60358233687663, 6.968172931992452)
(-26.349627031811266, 39.092150454605694)(-27.94271404058101, 39.953144987073046)(-30.122089237084907, 35.92137000082173)(-28.529002228315164, 35.06037546835438)(-26.349627031811266, 39.092150454605694)
