(-7.032531261444092, 19.356529235839844)(-5.09949254989624, 19.51485824584961)(-5.448740482330322, 23.778789520263672)(-7.381779193878174, 23.620460510253906)(-7.032531261444092, 19.356529235839844)
(-5.652316570281982, 13.125378608703613)(-3.640408754348755, 13.500334739685059)(-4.420055866241455, 17.683700561523438)(-6.431963920593262, 17.308746337890625)(-5.652316570281982, 13.125378608703613)
(0.4807908535003662, 30.191530227661133)(2.4367244243621826, 30.428028106689453)(1.9075214862823486, 34.804752349853516)(-0.04841208457946777, 34.56825637817383)(0.4807908535003662, 30.191530227661133)
(-27.043760299682617, 22.74616050720215)(-28.985084533691406, 22.913328170776367)(-29.341814041137695, 18.770605087280273)(-27.400489807128906, 18.603437423706055)(-27.043760299682617, 22.74616050720215)
(18.983698083210182, 10.556067336066953)(18.90800164395762, 8.56533943946896)(23.216285692438664, 8.40167544232999)(23.291982131691228, 10.392403338927982)(18.983698083210182, 10.556067336066953)
(27.49554278648592, 10.861243369115146)(27.443598699199228, 8.718969783146367)(31.808038199116844, 8.613286308990805)(31.859983239945638, 10.755559879234596)(27.49554278648592, 10.861243369115146)
(-14.131897211977439, 8.038803308834321)(-16.008051876324195, 8.01573720725197)(-15.953438055482593, 3.5641929496953235)(-14.077283391135836, 3.587259051277675)(-14.131897211977439, 8.038803308834321)
(-0.7796568065788705, -1.7031279211309496)(1.2156801011292018, -1.6163928167916453)(1.0108199805096802, 3.098413131981699)(-0.984516927198392, 3.011678027642393)(-0.7796568065788705, -1.7031279211309496)
(32.480273734629364, 15.64882425886702)(32.43677672215622, 17.64193789418531)(28.147976806229366, 17.54824417247529)(28.191473818702512, 15.555130537156998)(32.480273734629364, 15.64882425886702)
(-28.924904475192008, 24.834455869859795)(-30.53689820187641, 25.655122787657035)(-32.61969946131168, 21.565050301864922)(-31.00770571887415, 20.74438433750593)(-28.924904475192008, 24.834455869859795)
